1.000000000000000 0.868541807414862 0.966227676699088 0.934777507226712 0.848263180478770 -0.026336025669826 -0.030227056958784 -0.031946017132424 -0.030110903608335 -0.027443324594496 
0.868541807414862 1.000000000000000 0.923120431643396 0.869435702430305 0.936518326369813 -0.032808608231933 -0.035513923364820 -0.033748075583360 -0.036663874209379 -0.032913210678896 
0.966227676699088 0.923120431643396 1.000000000000000 0.973722714032721 0.926781425231486 -0.027739721308710 -0.030720703166373 -0.031795797649237 -0.031660555520863 -0.027560064513666 
0.934777507226712 0.869435702430305 0.973722714032721 1.000000000000000 0.833568455543829 -0.026588622235843 -0.027489631623046 -0.029587833477386 -0.025628998991508 -0.026599627239585 
0.848263180478770 0.936518326369813 0.926781425231486 0.833568455543829 1.000000000000000 -0.031419219722986 -0.035259012034618 -0.033994561243371 -0.038350948087022 -0.030387674785719 
-0.026336025669826 -0.032808608231933 -0.027739721308710 -0.026588622235843 -0.031419219722986 1.000000000000000 0.989657709203501 0.970956628427141 0.893545646300442 0.997549438362419 
-0.030227056958784 -0.035513923364820 -0.030720703166373 -0.027489631623046 -0.035259012034618 0.989657709203501 1.000000000000000 0.956776053153070 0.935013101945798 0.977313845706681 
-0.031946017132424 -0.033748075583360 -0.031795797649237 -0.029587833477386 -0.033994561243371 0.970956628427141 0.956776053153070 1.000000000000000 0.922919537053578 0.972393187265049 
-0.030110903608335 -0.036663874209379 -0.031660555520863 -0.025628998991508 -0.038350948087022 0.893545646300442 0.935013101945798 0.922919537053578 1.000000000000000 0.868898861475921 
-0.027443324594496 -0.032913210678896 -0.027560064513666 -0.026599627239585 -0.030387674785719 0.997549438362419 0.977313845706681 0.972393187265049 0.868898861475921 1.000000000000000 
