0.012007465156300 0.008079834736381 0.011082318377605 0.012638839554613 0.011833162247517 0.012202072698107 0.012947185618490 0.012933088286214 0.000056432603111 0.000074424202338 0.000083785926733 0.000040074329160 0.000072300269600 0.000055154065050 0.000081489996222 0.000122271614750 
0.008079834736381 0.007896941872030 0.010185281572418 0.010390498511438 0.010274770200011 0.011003268721344 0.011354046891201 0.010421435637554 0.000024013119090 0.000051449450459 0.000054892673039 -0.000004704463724 0.000059377369568 0.000024982674435 0.000027700638384 0.000109371203771 
0.011082318377605 0.010185281572418 0.014042527745733 0.013633934867386 0.013493274549434 0.013632898844149 0.015030304034962 0.014495178175109 0.000047370386301 0.000081761919909 0.000084173220293 0.000021660621897 0.000093187039716 0.000041152010840 0.000067136572023 0.000165344219632 
0.012638839554613 0.010390498511438 0.013633934867386 0.015158370561357 0.014631099583602 0.015609414502346 0.016221618169925 0.015140691505136 0.000023461080280 0.000027444480724 0.000044794514108 -0.000003152246173 0.000051069061426 0.000018344759589 0.000029626623484 0.000098367610763 
0.011833162247517 0.010274770200011 0.013493274549434 0.014631099583602 0.014499101982267 0.015159442170133 0.016050576807350 0.015019116035675 0.000028045246119 0.000024735668361 0.000040232193940 0.000003036230356 0.000050984565640 0.000024337999865 0.000028488394357 0.000101351627200 
0.012202072698107 0.011003268721344 0.013632898844149 0.015609414502346 0.015159442170133 0.017456066747013 0.016545446511804 0.014409883194871 0.000045201360535 0.000076402441741 0.000070218906838 0.000004843959447 0.000079291015639 0.000030740406750 0.000046041196518 0.000138049830954 
0.012947185618490 0.011354046891201 0.015030304034962 0.016221618169925 0.016050576807350 0.016545446511804 0.018203102722792 0.017090690828424 0.000008711908033 -0.000007942879328 0.000015345693098 -0.000014489669474 0.000030801959377 -0.000001355484159 0.000009863115239 0.000083920921514 
0.012933088286214 0.010421435637554 0.014495178175109 0.015140691505136 0.015019116035675 0.014409883194871 0.017090690828424 0.017319839124147 0.000044910815626 0.000030378926200 0.000050789009239 0.000026471326177 0.000065791483715 0.000034819139587 0.000056641057791 0.000123778743851 
0.000056432603111 0.000024013119090 0.000047370386301 0.000023461080280 0.000028045246119 0.000045201360535 0.000008711908033 0.000044910815626 0.006040474543207 0.006997760858205 0.004757598087135 0.005208409206970 0.005068933319759 0.004158995845399 0.006178099346659 0.007623106851527 
0.000074424202338 0.000051449450459 0.000081761919909 0.000027444480724 0.000024735668361 0.000076402441741 -0.000007942879328 0.000030378926200 0.006997760858205 0.009331444205678 0.005839712036163 0.006220423385533 0.006119377511758 0.004401516244129 0.007688800693225 0.009470247462281 
0.000083785926733 0.000054892673039 0.000084173220293 0.000044794514108 0.000040232193940 0.000070218906838 0.000015345693098 0.000050789009239 0.004757598087135 0.005839712036163 0.004573065796624 0.004275192545457 0.004565637186047 0.003955092595142 0.005297680781456 0.006473248068460 
0.000040074329160 -0.000004704463724 0.000021660621897 -0.000003152246173 0.000003036230356 0.000004843959447 -0.000014489669474 0.000026471326177 0.005208409206970 0.006220423385533 0.004275192545457 0.005511210218028 0.004618978767997 0.003826354505003 0.006036053046506 0.006307712834300 
0.000072300269600 0.000059377369568 0.000093187039716 0.000051069061426 0.000050984565640 0.000079291015639 0.000030801959377 0.000065791483715 0.005068933319759 0.006119377511758 0.004565637186047 0.004618978767997 0.004894307702555 0.004067437329100 0.005643860394139 0.006695952728580 
0.000055154065050 0.000024982674435 0.000041152010840 0.000018344759589 0.000024337999865 0.000030740406750 -0.000001355484159 0.000034819139587 0.004158995845399 0.004401516244129 0.003955092595142 0.003826354505003 0.004067437329100 0.004054323240979 0.004467848061264 0.005195141694525 
0.000081489996222 0.000027700638384 0.000067136572023 0.000029626623484 0.000028488394357 0.000046041196518 0.000009863115239 0.000056641057791 0.006178099346659 0.007688800693225 0.005297680781456 0.006036053046506 0.005643860394139 0.004467848061264 0.007198755225382 0.007985279626765 
0.000122271614750 0.000109371203771 0.000165344219632 0.000098367610763 0.000101351627200 0.000138049830954 0.000083920921514 0.000123778743851 0.007623106851527 0.009470247462281 0.006473248068460 0.006307712834300 0.006695952728580 0.005195141694525 0.007985279626765 0.010502734062318 
