1.000000000000000 0.928458923476837 0.973671601137776 0.967647857910289 0.937249839582414 0.951191187917080 -0.072092793376312 -0.060474372785344 -0.069214702452759 -0.061174239471081 -0.074664517033299 -0.071184239658455 
0.928458923476837 1.000000000000000 0.944240393270428 0.966366794398040 0.954552290300260 0.942208366625206 -0.052355472857355 -0.041244722776834 -0.046490922936245 -0.040349828935021 -0.052728298243448 -0.049711533538436 
0.973671601137776 0.944240393270428 1.000000000000000 0.987842895637129 0.965486799521408 0.977809318464715 -0.074773597967067 -0.061713532378878 -0.070183329955515 -0.064458903162396 -0.069330870917954 -0.069307345925473 
0.967647857910289 0.966366794398040 0.987842895637130 1.000000000000000 0.957762587553353 0.977869291744403 -0.073124175136281 -0.059509505184666 -0.069524652080395 -0.062964516623709 -0.068943198765242 -0.068553864696603 
0.937249839582414 0.954552290300260 0.965486799521408 0.957762587553353 1.000000000000000 0.964881412512019 -0.058325741615089 -0.042485667755468 -0.052503357603617 -0.047775533023725 -0.052926281258410 -0.051041862376961 
0.951191187917080 0.942208366625205 0.977809318464715 0.977869291744403 0.964881412512019 1.000000000000000 -0.070161033245539 -0.054103034696470 -0.067675693249759 -0.062182450335499 -0.064519533344634 -0.061321526325325 
-0.072092793376312 -0.052355472857355 -0.074773597967067 -0.073124175136281 -0.058325741615089 -0.070161033245539 1.000000000000000 0.960288236034192 0.973581771874315 0.972375793803460 0.908941188411252 0.937041941499695 
-0.060474372785344 -0.041244722776834 -0.061713532378878 -0.059509505184666 -0.042485667755468 -0.054103034696470 0.960288236034192 1.000000000000000 0.940151510275348 0.936363805013676 0.932125821239106 0.946151728042823 
-0.069214702452759 -0.046490922936245 -0.070183329955515 -0.069524652080395 -0.052503357603617 -0.067675693249759 0.973581771874315 0.940151510275348 1.000000000000000 0.987901205666640 0.939122962052533 0.958284468566018 
-0.061174239471081 -0.040349828935021 -0.064458903162396 -0.062964516623709 -0.047775533023725 -0.062182450335499 0.972375793803460 0.936363805013676 0.987901205666640 1.000000000000000 0.921909788397676 0.956060707419848 
-0.074664517033299 -0.052728298243448 -0.069330870917954 -0.068943198765242 -0.052926281258410 -0.064519533344634 0.908941188411252 0.932125821239106 0.939122962052533 0.921909788397676 1.000000000000000 0.979118073996017 
-0.071184239658455 -0.049711533538436 -0.069307345925473 -0.068553864696603 -0.051041862376961 -0.061321526325325 0.937041941499695 0.946151728042823 0.958284468566018 0.956060707419848 0.979118073996017 1.000000000000000 
