0.006046195470846 0.007356280318380 0.007752498049787 0.006430834656259 0.008402344043809 0.006220805949079 -0.000435354879039 -0.000454427091859 -0.000344151072083 -0.000346315586091 -0.000458325130893 -0.000419447655086 
0.007356280318380 0.010382668006984 0.009852016472609 0.008415993560069 0.011213939310367 0.008074937773110 -0.000414311550210 -0.000406138932601 -0.000302923056546 -0.000299335722634 -0.000424147154638 -0.000383852587897 
0.007752498049787 0.009852016472609 0.010485186055555 0.008645395459470 0.011398255943051 0.008421316437051 -0.000594630005074 -0.000610689181685 -0.000459548887937 -0.000480544209973 -0.000560445060030 -0.000537799219071 
0.006430834656259 0.008415993560069 0.008645395459470 0.007304959700133 0.009437800098892 0.007029549031248 -0.000485378307599 -0.000491526573190 -0.000379977092353 -0.000391802454893 -0.000465177457712 -0.000444010953076 
0.008402344043809 0.011213939310367 0.011398255943051 0.009437800098892 0.013292540352390 0.009356548608142 -0.000522245533058 -0.000473367233502 -0.000387080015671 -0.000401025419475 -0.000481718907999 -0.000445947090051 
0.006220805949079 0.008074937773110 0.008421316437051 0.007029549031248 0.009356548608142 0.007074169938974 -0.000458294020703 -0.000439755338702 -0.000363982192070 -0.000380774575695 -0.000428397848357 -0.000390844071533 
-0.000435354879039 -0.000414311550210 -0.000594630005074 -0.000485378307599 -0.000522245533058 -0.000458294020703 0.006031439022092 0.007207154461934 0.004834956638846 0.005498028373146 0.005572686009913 0.005514705555705 
-0.000454427091859 -0.000406138932601 -0.000610689181685 -0.000491526573190 -0.000473367233502 -0.000439755338702 0.007207154461934 0.009339067213813 0.005809774516607 0.006588078043673 0.007111228084751 0.006928917109035 
-0.000344151072083 -0.000302923056546 -0.000459548887937 -0.000379977092353 -0.000387080015671 -0.000363982192070 0.004834956638846 0.005809774516607 0.004089021155246 0.004599234582138 0.004740787153069 0.004643623031444 
-0.000346315586091 -0.000299335722634 -0.000480544209973 -0.000391802454893 -0.000401025419475 -0.000380774575695 0.005498028373146 0.006588078043673 0.004599234582138 0.005300596359329 0.005298697324983 0.005274735235443 
-0.000458325130893 -0.000424147154638 -0.000560445060030 -0.000465177457712 -0.000481718907999 -0.000428397848357 0.005572686009913 0.007111228084751 0.004740787153069 0.005298697324983 0.006232131926542 0.005857417967434 
-0.000419447655086 -0.000383852587897 -0.000537799219071 -0.000444010953076 -0.000445947090051 -0.000390844071533 0.005514705555705 0.006928917109035 0.004643623031444 0.005274735235443 0.005857417967434 0.005742561525616 
