0.277972763901822
0.266283120668889
0.253753078405502
0.299490009687343
0.254770591686460
0.345792621237696
0.373642803004096
0.016068754486981
0.023070162738361
0.027302698364965
0.028691751910112
0.029016445976147
0.031840610060112
0.257949436038349
0.263766879058023
0.264359950272003
0.272869110608786
0.288534471300558
0.288092432361259
0.131718329501730
-0.095614377854495
-0.095676509256082
-0.102292042515586
-0.085740147233412
-0.105755316832613
-0.113652765338054
0.334870366124852
0.309378960864035
0.407671164288777
0.428417419066768
0.449610088194691
0.379349493622771
0.096111546644150
0.097623974532477
0.078923280756255
0.077116860549901
0.065007293992353
0.031176505609975
0.055486212112767
0.366675990987960
0.460625709030464
0.252251578189347
0.257858622936055
0.007123831381398
-0.032674493115909
0.000269321300230
0.161202754897723
0.371031848720959
0.059925765158741
0.147739189838661
-0.199736148937044
-0.197422075936407
-0.191034807088907
-0.206798237751443
-0.188865383526816
-0.251857661097410
-0.275374557146825
0.052159231404570
0.109278523644259
0.171384378480632
0.058602378554280
0.115283406189415
0.152230696997354
0.097642312615164
0.155820170395699
-0.118283041359828
-0.482901397268524
0.130728463851149
-0.034430160086082
0.712744279918237
-0.094984414104155
-0.158925666264576
-0.120381269096191
-0.154589657194799
-0.146644264584386
-0.131662420342017
0.042404299164021
-0.413092996745958
0.017911119708008
-0.376525306243834
0.048030008027605
0.576446590503452
0.456582221331260
0.000910279978867
0.098706561811754
0.157250446326980
0.034462022437294
0.055787691748766
-0.109447293649749
-0.067640490208525
-0.196342275199046
-0.106037281644710
-0.109104514022047
-0.164030653223756
0.016363945243262
