0.922234 0.965569 0.923141 0.948532 0.938435 0.949022 1.024809 1.040584 1.080492 1.030064 1.039073 0.997005 0.977267 0.966251 0.962316 0.970031 0.961977 0.954438 
0.971008 1.007110 0.982479 1.004291 0.988590 0.995208 0.996210 1.011381 0.978867 1.004917 0.990380 0.969131 0.993044 0.985775 0.985468 0.991896 0.992160 0.995756 
1.221408 1.125772 1.273997 1.117058 1.154773 1.146125 1.152253 1.112030 1.087282 1.145165 1.160063 1.222126 1.195267 1.217807 1.211101 1.206837 1.229821 1.189349 
0.948366 0.935393 0.929030 0.951886 0.923252 0.963209 0.976588 0.965157 0.944684 0.967406 0.940678 0.964378 0.979867 0.981521 0.980566 0.979808 0.980940 0.985348 
1.045992 1.126429 1.050832 1.083135 1.055149 1.066824 0.982673 0.973987 0.955000 0.979183 0.959632 0.971658 1.027908 1.015842 1.004216 1.021149 1.026012 1.026803 
1.120782 1.090060 1.092473 1.071870 1.078985 1.092550 1.096162 1.018781 1.038570 1.043805 1.045438 1.037183 1.068896 1.062972 1.068891 1.063903 1.058517 1.058398 
0.984139 0.964968 0.985694 0.991991 0.982841 0.991699 1.009380 0.961640 0.970895 0.980782 0.992347 0.994404 1.013284 1.007871 1.011252 1.007854 1.010022 1.012501 
1.061153 1.115284 1.059735 1.088425 1.067919 1.066908 0.985188 0.999150 1.003216 0.988308 0.985101 1.047123 1.025765 1.024426 1.015875 1.027051 1.029153 1.027046 
0.960258 0.967493 0.955500 0.977789 0.978086 0.984742 0.956797 0.961041 0.939961 0.945943 0.940146 0.941086 0.974537 0.976084 0.977291 0.973388 0.975415 0.983515 
0.919513 0.934592 0.931797 0.953557 0.943768 0.968351 0.998270 1.028018 1.062316 1.018249 1.042093 1.011867 0.980017 0.986014 0.979295 0.980520 0.983737 0.981819 
0.978448 0.995021 0.948631 0.974408 0.944086 0.955772 1.008698 1.012432 1.068140 0.993103 1.032906 0.919503 0.981349 0.981335 0.976431 0.979631 0.971071 0.973719 
1.065993 1.088949 1.044027 1.052306 1.048435 1.097269 0.956048 0.983843 0.988180 0.988159 0.976256 0.941076 1.011039 1.002203 1.008929 1.012007 1.002309 1.010965 
0.956467 0.981121 0.977924 0.981583 0.982120 0.926052 1.002396 0.982364 0.940403 0.958925 0.970111 1.000994 0.960852 0.958354 0.959711 0.958157 0.961729 0.968046 
1.022929 1.010101 1.002567 1.008528 1.000328 0.995636 1.024980 1.001686 0.995176 1.026196 1.025468 1.040465 1.014046 1.013644 1.012550 1.006724 1.010224 1.007949 
1.171652 1.093761 1.173480 1.093320 1.107403 1.105737 1.059284 1.041719 1.020879 1.067310 1.046230 1.073542 1.125386 1.144518 1.139887 1.136484 1.143463 1.124948 
0.990645 0.999934 0.986185 0.993291 0.975846 0.937693 1.006307 0.989594 0.972010 0.980079 0.969732 0.952253 0.951626 0.951107 0.949776 0.946016 0.946486 0.945752 
0.992781 0.992906 0.984703 0.993257 0.998388 0.964775 0.976428 1.022925 1.005896 1.024307 0.998128 1.017871 0.963618 0.961546 0.965622 0.969294 0.962453 0.966751 
0.950231 0.958523 0.966721 0.965988 0.988795 0.979120 1.023736 0.986298 0.991611 0.985917 0.997848 0.956843 1.002710 0.998529 1.000652 1.000972 0.998563 1.004409 
1.148421 1.173931 1.121496 1.129498 1.135705 1.117506 0.987224 1.014366 1.038073 0.989493 1.008244 1.010508 1.075501 1.073800 1.076441 1.080449 1.075322 1.076871 
1.038844 1.076277 1.039771 1.052311 1.068772 1.037736 1.050751 1.066801 1.051460 1.080314 1.063702 1.035308 1.042910 1.035191 1.035857 1.044790 1.034824 1.035135 
1.057555 1.057060 1.056902 1.017586 1.026620 1.041182 0.913108 0.975793 0.975173 0.936579 0.940193 0.919348 1.019586 1.027123 1.022511 1.034321 1.033894 1.022372 
0.895309 0.903100 0.887890 0.908576 0.903218 0.919172 0.943314 0.980918 0.955506 0.963641 0.960698 0.986300 0.934204 0.939873 0.937703 0.933235 0.936066 0.939893 
0.957301 0.973900 0.936393 0.959166 0.950277 0.944126 1.003947 0.990786 0.987047 0.996950 0.985485 0.983591 0.933423 0.928822 0.929169 0.927355 0.923531 0.921408 
1.036921 1.038460 1.046427 1.041394 1.037648 1.055022 0.987114 1.042170 1.046543 1.024283 1.018413 1.006708 1.028132 1.026830 1.026856 1.030395 1.025007 1.021526 
0.968948 0.967635 0.978338 0.969902 0.967818 0.939990 1.004300 1.036725 1.044989 1.024941 1.031978 1.032586 0.970100 0.970755 0.970856 0.970530 0.968554 0.969061 
1.042754 1.043044 1.033151 1.036508 1.055091 1.052302 0.944285 0.934271 0.942478 0.925825 0.929544 0.937454 0.982608 0.975896 0.985373 0.981008 0.980516 0.992606 
1.014426 1.095915 1.038278 1.108803 1.053614 1.097736 1.026251 1.010744 0.985161 0.989949 0.986818 0.985272 1.097169 1.092465 1.065880 1.093671 1.105885 1.099803 
1.068953 1.080850 1.081450 1.077324 1.154236 1.141916 1.077603 1.070585 1.092194 1.101640 1.085228 1.064887 1.109205 1.098684 1.109523 1.109452 1.097595 1.110192 
0.991341 0.985742 0.964272 0.976918 0.990310 0.942238 1.050417 1.047902 1.088898 1.062630 1.051456 0.985647 0.987233 0.989063 0.989576 0.986662 0.979832 0.980963 
1.092531 1.139929 1.104354 1.109682 1.134672 1.159253 1.028123 0.981986 0.997653 0.995120 0.987236 0.959966 1.054594 1.035214 1.040708 1.048370 1.045121 1.049798 
0.978075 0.962623 0.982517 0.978212 0.972399 0.978527 1.014120 1.008530 1.001711 1.036527 1.021487 1.032332 0.978068 0.979761 0.980041 0.972621 0.974030 0.971339 
1.064112 1.049157 1.062593 1.052997 1.076791 1.093930 1.058922 1.025382 1.004972 1.049920 1.042254 1.047081 1.070297 1.063303 1.069669 1.070230 1.071763 1.072790 
1.017339 1.002337 1.017144 1.009173 1.003375 1.031454 1.053328 1.017353 1.005129 1.066377 1.050901 1.099532 1.047603 1.045174 1.047021 1.040722 1.047509 1.040702 
1.016433 1.021850 1.012992 1.022353 1.019741 1.007203 1.052460 1.029741 1.070761 1.034864 1.056463 0.992413 1.011340 1.008053 1.007685 1.008112 1.005714 1.005334 
0.957315 0.986837 0.968101 0.963213 0.987802 0.993964 1.020297 1.047817 1.060176 1.036748 1.063109 1.057062 1.002694 0.999163 1.000045 0.996520 0.993612 0.992791 
1.068425 1.027771 1.071462 1.036715 1.070390 1.108194 1.028373 1.012302 0.992838 1.047871 1.007867 0.993037 1.052611 1.052729 1.058125 1.058496 1.056079 1.057243 
1.024359 1.055655 1.038671 1.049653 1.025723 1.058776 0.992234 0.978728 0.975011 0.999421 0.973058 1.022444 1.018950 1.021580 1.006229 1.020292 1.029828 1.021465 
1.000817 0.981185 1.011199 0.990150 1.003443 1.005433 0.957850 0.943458 0.950565 0.929788 0.936670 0.942557 0.961978 0.956883 0.965171 0.960986 0.958906 0.963730 
1.089679 1.123824 1.088335 1.109914 1.111171 1.159880 0.983531 1.019579 1.026670 0.998240 0.980793 0.993657 1.059569 1.045936 1.054179 1.063900 1.054425 1.060878 
0.986450 0.994127 0.973778 0.992305 0.975782 1.009021 1.036519 1.063928 1.085101 1.075492 1.077159 1.064063 1.036615 1.039705 1.033431 1.032046 1.031773 1.028126 
1.008439 1.033411 1.020086 1.015716 1.039348 1.000181 1.159216 1.136421 1.143378 1.205114 1.216690 1.263118 1.040852 1.038292 1.031460 1.030623 1.027358 1.009984 
1.083431 1.128342 1.087631 1.104963 1.105553 1.173862 0.978525 0.959713 0.953882 0.994211 0.979646 1.014899 1.076871 1.059038 1.061179 1.072493 1.069283 1.070626 
1.019455 1.038207 1.015995 1.019833 1.002574 1.029406 1.024739 1.008454 1.019037 1.035439 1.021639 0.997467 1.007354 1.000252 0.994037 1.004447 1.000649 0.991610 
1.141032 1.129955 1.143061 1.096833 1.128895 1.076488 1.059944 1.008610 0.994331 1.040467 1.021005 1.022380 1.064075 1.065553 1.065500 1.063875 1.067292 1.060562 
0.959799 0.955783 0.962320 0.965944 0.958893 1.009536 0.995291 1.029914 1.027581 1.011537 1.020342 1.023512 1.000776 1.005826 1.002645 1.003335 1.006090 1.003955 
1.034507 1.118290 1.063527 1.116537 1.086060 1.137173 0.987924 0.972336 0.981109 0.946353 0.959123 0.928852 1.103293 1.084612 1.073146 1.096588 1.104053 1.107815 
1.088699 1.068541 1.086099 1.081690 1.065929 1.034732 1.068900 1.032890 1.060343 1.067175 1.076204 1.071298 1.055849 1.056383 1.056051 1.051994 1.053878 1.048048 
1.048596 1.007519 1.039037 1.023967 1.020332 1.039763 0.980818 0.968173 0.942176 1.003493 0.973611 1.028876 1.019478 1.014524 1.022343 1.016503 1.016819 1.017270 
1.240259 1.196447 1.238527 1.171010 1.180067 1.168295 1.024201 1.035027 1.065495 1.040503 1.036933 0.983142 1.167098 1.183622 1.174600 1.181985 1.192166 1.174935 
1.093009 1.091769 1.112470 1.091167 1.103376 1.108752 1.054484 1.061932 1.048166 1.074838 1.063961 1.046214 1.097675 1.101819 1.093601 1.104958 1.104715 1.096970 
1.084961 1.059865 1.066793 1.070485 1.064135 1.047493 0.950983 0.943327 0.936708 0.939204 0.941903 0.973759 1.011382 1.012780 1.019995 1.013063 1.014896 1.024178 
0.979069 0.991663 0.985787 1.001366 0.997757 1.007023 0.985586 0.984428 0.985284 0.983305 0.960309 0.954446 1.000466 0.999776 0.994060 1.002038 1.003400 1.000392 
1.081893 1.099176 1.079480 1.097794 1.097054 1.141221 1.017923 1.016042 0.993376 1.036508 1.008246 1.028558 1.086592 1.077545 1.074245 1.087540 1.082931 1.087262 
1.014911 0.982626 1.022720 1.002823 1.027368 1.003506 1.054322 1.058165 1.119426 1.093144 1.097273 1.058486 1.057271 1.063166 1.065422 1.054974 1.053632 1.052624 
1.215726 1.181192 1.234866 1.164581 1.197868 1.205212 1.117322 1.056240 1.081948 1.092490 1.089791 1.047998 1.245328 1.245240 1.239726 1.251789 1.260780 1.235348 
1.208097 1.210223 1.237405 1.203746 1.239361 1.338973 0.998220 1.038342 1.060149 1.041334 1.030225 1.016067 1.251126 1.261503 1.248095 1.261246 1.279415 1.269526 
1.008521 0.999606 1.011343 1.032370 1.007267 1.018555 1.041755 1.011746 1.013662 1.079794 1.071208 1.101700 1.039660 1.032418 1.032773 1.024368 1.029249 1.020618 
0.961031 0.953170 0.931265 0.957366 0.923437 0.956063 1.004545 0.992690 0.989656 0.980608 0.984210 0.963238 0.965454 0.966359 0.962489 0.963636 0.964543 0.954928 
1.061777 1.059230 1.074274 1.058609 1.052418 1.073624 1.018494 1.024552 1.002748 1.029834 1.035145 1.075997 1.040345 1.036875 1.036872 1.037033 1.041941 1.031539 
0.957621 0.996631 0.962057 0.989936 0.963930 0.949026 1.000092 0.991511 0.979715 0.985693 0.966544 0.986135 0.979016 0.979554 0.969100 0.976288 0.980435 0.977909 
1.025978 1.076615 1.041319 1.054395 1.055254 1.058367 1.042250 1.016404 0.977543 1.014596 1.013627 1.103705 1.056918 1.053867 1.036369 1.049415 1.065656 1.056452 
0.996642 1.019298 0.991963 0.999780 1.004309 0.996861 1.052034 1.047019 1.059408 1.060699 1.070782 1.092347 0.977309 0.972411 0.972575 0.969795 0.967237 0.962890 
1.099599 1.070042 1.088050 1.072265 1.042313 1.049781 0.960406 0.976422 0.999202 0.966213 0.992176 0.976201 1.057573 1.068476 1.063337 1.060970 1.067433 1.061737 
1.079934 1.083726 1.081569 1.074933 1.089418 1.055370 0.981054 0.956290 0.951261 0.956692 0.942406 0.917787 1.002348 0.999882 0.999905 1.001271 1.004066 1.003964 
0.988992 0.981618 0.982639 0.992109 0.981769 0.990025 1.021201 1.066479 1.118976 1.058697 1.039761 1.030734 1.000661 1.007812 1.004477 1.008827 1.000766 0.998121 
1.076691 1.042966 1.041674 1.048437 1.045630 1.062705 0.952737 0.944331 0.961074 0.927056 0.947340 0.911760 1.034039 1.039851 1.046094 1.038507 1.036171 1.048046 
1.008959 1.026481 1.009205 1.003123 1.006518 1.030704 1.037496 1.054719 1.031981 1.042466 1.002255 0.983503 1.023427 1.019854 1.016574 1.027267 1.020659 1.012912 
0.924509 0.924038 0.904943 0.918376 0.904984 0.918104 1.030777 1.008642 0.974189 0.987377 0.996224 1.014180 0.926224 0.925509 0.924389 0.921574 0.919352 0.918581 
1.066593 1.072292 1.059952 1.047468 1.072671 1.052693 1.046351 1.042844 1.044833 1.033073 1.048430 1.040325 1.040578 1.043238 1.042388 1.042730 1.041331 1.037447 
1.062785 1.055163 1.048419 1.036896 1.033988 1.021290 1.075885 1.044810 1.015161 1.089331 1.064813 1.108389 1.019455 1.015967 1.018089 1.015086 1.013196 1.005736 
1.052670 1.012910 1.051508 1.019820 1.035883 1.064337 1.073140 1.020879 1.005012 1.071424 1.059194 1.112509 1.061463 1.059924 1.064094 1.058067 1.058834 1.051335 
0.971377 0.966487 0.947994 0.950890 0.951271 0.942516 1.012567 1.014890 1.039924 1.024411 1.022621 0.966699 0.969070 0.964080 0.968528 0.964763 0.953974 0.959531 
1.160566 1.112388 1.148135 1.117654 1.118857 1.197247 0.962283 0.984570 0.946139 0.979342 0.960648 0.994407 1.116503 1.120679 1.124964 1.123720 1.127683 1.126439 
0.987283 0.999468 1.000783 1.012489 1.043384 1.039031 0.948862 0.977154 1.000214 0.967137 0.975279 0.954822 1.024973 1.019582 1.026535 1.027488 1.025874 1.038469 
1.003854 0.997986 0.999435 1.000217 0.977009 0.939203 1.003154 0.978235 0.988196 1.001271 0.985727 1.003129 0.983476 0.983618 0.980511 0.977815 0.980403 0.976841 
1.048153 1.045043 1.040166 1.051172 1.048655 1.025241 0.960735 0.943726 0.933033 0.939300 0.942071 0.981165 0.999513 0.999589 1.001290 0.996369 1.003383 1.010186 
0.983629 1.026317 0.991473 0.984318 0.978241 0.974027 1.055391 1.112819 1.160334 1.088964 1.155847 1.058989 0.989922 0.991744 0.985669 0.990241 0.983195 0.972297 
0.994913 0.998329 1.007019 0.997396 1.001747 0.990082 1.068106 1.035895 1.028677 1.071179 1.079715 1.128355 1.020287 1.014256 1.012695 1.011313 1.014072 1.005986 
0.998156 0.977019 0.990150 0.968355 0.969953 0.995333 0.992699 0.973743 0.947504 0.989157 0.975752 0.976639 0.981949 0.984994 0.983801 0.983610 0.982818 0.974724 
1.277007 1.378804 1.297615 1.304120 1.288242 1.363359 0.974187 1.002700 0.968615 0.946840 0.960297 0.979934 1.327521 1.338441 1.296242 1.337542 1.376775 1.363239 
1.042572 1.041535 1.034477 1.045189 1.040278 1.028565 1.004615 1.015224 0.977039 1.016263 0.984596 1.048691 1.012325 1.012705 1.015099 1.014697 1.012814 1.024393 
0.916794 0.921294 0.929266 0.941598 0.943701 0.929753 0.981000 0.979671 0.959229 0.966210 0.974421 1.013475 0.927287 0.927913 0.931021 0.925348 0.927853 0.934417 
1.017710 1.004755 1.024402 1.012526 1.070758 1.056584 0.969880 0.981682 1.003393 0.980317 0.991638 0.969722 1.009128 1.015544 1.020187 1.014377 1.016564 1.024789 
0.888081 0.906506 0.897873 0.895305 0.894607 0.876086 1.010762 1.078647 1.125861 1.056853 1.103235 1.016835 0.942809 0.951023 0.946175 0.943672 0.936832 0.933044 
1.025113 1.030845 1.028250 1.027828 1.035388 1.069527 1.029940 1.046652 1.030026 1.061820 1.015357 1.011152 1.044883 1.042344 1.039183 1.050481 1.041385 1.036373 
1.012400 1.021703 1.010432 1.034351 1.017158 1.026838 0.978221 1.035033 1.069470 1.004061 1.026356 0.946809 1.045770 1.052615 1.048108 1.050525 1.053492 1.053522 
1.017502 1.024219 0.996986 1.005523 1.016927 1.008346 0.993496 0.999721 0.982006 1.007313 0.992321 1.005383 0.953884 0.952300 0.958048 0.952414 0.947906 0.956954 
1.001303 1.005472 0.997428 1.013085 0.997584 0.988704 1.035842 1.018383 1.021476 1.011368 1.007798 0.980789 1.007801 1.006677 1.001033 1.003552 1.007917 1.001721 
1.045585 1.049347 1.041047 1.058664 1.088446 1.061399 0.983981 0.993427 1.022961 0.988699 0.990395 1.001247 1.052996 1.058215 1.058429 1.058646 1.062616 1.070375 
1.211444 1.112957 1.125434 1.127728 1.113518 1.175935 1.057974 1.057707 1.092690 1.065671 1.054719 1.016360 1.141345 1.152427 1.162134 1.151165 1.138174 1.151801 
1.041182 1.030445 1.044633 1.024988 1.026973 1.032316 1.009407 0.995774 0.978297 0.989786 0.997702 1.045383 1.026304 1.028211 1.024875 1.028722 1.035740 1.024665 
0.870285 0.875512 0.881764 0.893754 0.882305 0.885070 0.992738 0.974224 0.970058 0.991520 0.991450 1.020299 0.898050 0.897951 0.896701 0.890710 0.892117 0.892305 
1.024493 1.014982 1.008226 1.023033 1.080937 1.073766 1.036080 1.032137 1.041623 1.038626 1.043896 1.007382 1.048267 1.044281 1.053495 1.046185 1.043052 1.053792 
1.107319 1.087089 1.109368 1.104546 1.106859 1.110578 0.997322 1.008578 1.006593 0.986562 1.005296 1.001005 1.053488 1.054743 1.061044 1.055025 1.056361 1.062322 
1.065363 1.150343 1.063801 1.123346 1.072954 1.123982 0.970301 0.948407 0.917383 0.946856 0.922459 0.908858 1.092481 1.083150 1.064735 1.087476 1.102437 1.101762 
1.034250 1.038730 1.015704 1.033684 1.021626 1.042370 1.026117 0.983818 0.959414 1.019401 1.023923 1.089859 1.038988 1.034502 1.032527 1.029667 1.034404 1.031068 
1.055309 1.015413 1.061513 1.031412 1.049380 1.031116 0.938914 0.981546 1.007027 0.948713 0.952942 0.926348 1.014611 1.034896 1.034109 1.028392 1.034176 1.032656 
1.085181 1.055588 1.054678 1.042151 1.046234 1.084105 1.053024 1.030351 1.039494 1.036855 1.043374 1.022998 1.036763 1.035054 1.041884 1.038126 1.030630 1.032552 
0.930941 0.946131 0.946003 0.957540 0.959974 0.948580 1.021465 1.055986 1.084920 1.050019 1.065839 1.023648 0.983249 0.981054 0.982809 0.983493 0.977783 0.977944 
1.043452 1.051879 1.050530 1.033481 1.030328 1.062799 1.135760 1.045299 1.077741 1.085743 1.101477 1.017328 1.082872 1.073188 1.066599 1.072615 1.074572 1.057528 
1.166974 1.118679 1.193482 1.131005 1.134992 1.165239 1.061754 1.038211 1.006275 1.050937 1.039649 1.068652 1.123080 1.133753 1.123393 1.133424 1.145562 1.119465 
1.093240 1.116135 1.068488 1.089916 1.079395 1.152488 1.007413 1.045428 1.059974 1.016859 1.042939 0.993653 1.041972 1.037224 1.038807 1.041356 1.032708 1.040097 
1.014463 1.034847 1.040774 1.031144 1.054532 1.048028 1.017467 1.009943 0.987705 1.020330 1.030294 1.041636 1.026291 1.022892 1.020315 1.024244 1.029509 1.024785 
1.094980 1.077674 1.141679 1.079278 1.198335 1.147837 1.026060 0.983016 1.018402 1.021783 1.000656 0.985460 1.094251 1.097280 1.102590 1.104351 1.112907 1.114181 
1.088180 1.111875 1.110603 1.095030 1.097008 1.058684 1.008307 1.068085 1.110872 1.048127 1.104163 1.006094 1.037802 1.046173 1.044161 1.042225 1.047106 1.047256 
1.076641 1.127886 1.092208 1.114853 1.181797 1.203056 0.992513 1.024822 1.018635 1.001760 1.004247 0.984820 1.115530 1.103253 1.111374 1.121812 1.123020 1.134157 
0.936847 0.950408 0.935879 0.943519 0.920584 0.933821 1.023640 1.002240 0.984699 0.994913 1.006982 0.987093 0.966469 0.955825 0.956113 0.958357 0.956841 0.950308 
1.132517 1.118571 1.104553 1.104970 1.128015 1.132147 1.044125 1.035158 1.038901 1.056406 1.066832 1.039016 1.042668 1.041189 1.047488 1.045127 1.041701 1.040641 
1.067593 1.110255 1.061162 1.085585 1.066165 1.116725 1.150026 1.080570 1.093416 1.137586 1.130925 1.131841 1.098343 1.087354 1.075447 1.085911 1.086202 1.072036 
1.045554 1.098873 1.075971 1.057552 1.068448 1.071578 1.012477 1.005492 0.976819 1.005707 0.995751 0.993891 1.058667 1.047145 1.042731 1.057372 1.063132 1.057109 
1.089933 1.039353 1.075021 1.050414 1.057264 1.050615 0.995228 1.012583 1.006420 0.985329 1.009318 1.006882 1.037544 1.052536 1.053294 1.046932 1.048394 1.047210 
0.974390 0.971906 0.967486 0.963218 0.940239 0.955482 1.063416 1.057860 1.081750 1.103438 1.104244 1.135685 1.034147 1.039764 1.026185 1.029246 1.031964 1.012520 
0.958906 1.000739 0.976623 0.987205 0.977522 0.979045 1.009698 0.978794 0.978622 0.991446 0.992334 0.968925 0.999465 0.992674 0.985538 0.991332 0.994231 0.995686 
1.016662 0.969537 1.037735 0.967097 1.016973 1.029024 1.035805 1.047348 1.073989 1.042237 1.070530 1.024505 1.055262 1.069768 1.068224 1.063643 1.071634 1.055805 
0.972975 0.966765 0.983560 0.996021 0.991549 0.991937 0.990378 0.980871 0.988588 0.978695 0.987413 1.051780 0.984554 0.976031 0.983342 0.981008 0.976571 0.983374 
1.027681 1.003617 1.037686 0.985837 1.001007 0.976474 1.054757 1.024336 1.038881 1.062453 1.035261 1.003115 1.014129 1.023247 1.014598 1.016495 1.017242 1.002832 
0.994113 0.987466 0.990857 0.994459 1.008101 1.011247 1.030907 1.081615 1.139330 1.056867 1.091580 0.978865 1.017918 1.022414 1.025659 1.022633 1.014648 1.017050 
1.000177 0.990852 0.999767 0.999274 0.995300 1.010911 1.057896 1.059063 1.101313 1.089110 1.071186 1.052300 1.067137 1.070792 1.066124 1.067215 1.066728 1.059542 
1.121711 1.158168 1.127568 1.114027 1.121328 1.138576 1.032401 1.019442 1.003123 1.052255 1.029993 1.045887 1.080404 1.071335 1.070188 1.081690 1.079002 1.074990 
1.099424 1.157681 1.080333 1.124177 1.076888 1.091558 0.949513 0.965286 0.979075 0.960370 0.942231 0.939502 1.028727 1.024084 1.010805 1.025597 1.031546 1.033570 
1.152436 1.162166 1.159686 1.124967 1.181106 1.130344 0.973907 0.964162 0.929497 0.972748 0.956174 0.995316 1.032872 1.033844 1.040436 1.038591 1.043695 1.048959 
0.986243 1.002884 0.967190 0.989437 0.958127 0.976666 1.121641 1.055645 1.069659 1.113526 1.092784 1.079101 1.029689 1.016050 1.007569 1.013018 1.010036 0.995204 
1.189222 1.162142 1.161169 1.119828 1.123024 1.063528 1.011865 1.009681 1.047571 1.015401 1.002355 0.967995 1.023580 1.033754 1.031423 1.029358 1.028027 1.021208 
1.067337 1.022027 1.077190 1.021242 1.030095 1.030658 1.025448 0.977429 0.988560 0.991750 0.979024 0.977955 1.050871 1.057472 1.052915 1.053848 1.058566 1.047093 
1.011422 1.039506 0.998367 0.992908 0.996751 0.969723 0.962229 0.974592 0.973013 0.967611 0.973422 0.997234 0.974311 0.977650 0.975593 0.977394 0.976466 0.976631 
1.023916 0.999311 1.034319 1.024686 1.034149 1.049999 0.955647 0.948602 0.930884 0.916593 0.930775 0.958062 1.002583 1.004020 1.013391 1.006447 1.010912 1.020337 
1.051671 1.028134 1.056648 1.049921 1.121428 1.111155 1.108868 1.034929 1.068495 1.097732 1.105771 1.086246 1.120106 1.110416 1.116601 1.109057 1.111450 1.107932 
1.130252 1.117113 1.098329 1.118917 1.147714 1.155870 1.033365 1.040810 1.006926 1.046938 1.028882 1.042584 1.063928 1.065117 1.072372 1.065389 1.066423 1.079439 
0.968639 0.953224 0.983148 0.961610 0.972297 0.979203 1.006693 0.988969 0.978194 0.984236 0.956741 0.962928 0.992601 0.996182 0.993805 0.998552 1.000710 0.993420 
0.963499 0.969052 0.956538 0.949364 0.946261 0.908510 0.994616 1.035209 1.077831 1.024078 1.049770 1.076985 0.955369 0.963113 0.958518 0.954182 0.952814 0.948805 
1.108411 1.038495 1.129502 1.057738 1.060502 1.056530 1.063851 1.025341 1.036872 1.032243 1.033488 1.021847 1.062354 1.073408 1.073946 1.072087 1.079161 1.063867 
1.045187 1.017871 1.057399 1.029821 1.029764 1.078454 1.026794 1.035940 1.087391 1.012479 1.066222 0.991706 1.117643 1.137606 1.123627 1.127190 1.143474 1.121612 
1.115734 1.135664 1.123973 1.136415 1.209849 1.254460 1.067659 1.077138 1.079051 1.096300 1.100068 1.087980 1.152129 1.143137 1.149345 1.156154 1.156529 1.162074 
1.058098 1.047245 1.042881 1.049369 1.044774 1.057057 1.044438 1.078747 1.131590 1.067174 1.102779 1.018751 1.075346 1.087540 1.080056 1.083667 1.075068 1.070946 
1.004886 1.009906 0.994934 1.011171 0.994494 1.023856 0.997484 0.973383 0.968345 0.995118 0.978795 0.976098 1.022279 1.016909 1.014701 1.021484 1.024464 1.019625 
1.124950 1.064696 1.144366 1.061837 1.090396 1.109036 1.091346 1.025746 1.042962 1.059091 1.071280 1.037388 1.186167 1.194523 1.185326 1.192135 1.199942 1.174175 
1.174004 1.219800 1.181602 1.206098 1.274149 1.270594 1.017108 1.067597 1.135584 1.043425 1.085576 0.975635 1.184188 1.181175 1.178379 1.189171 1.188930 1.198629 
0.999180 1.041340 0.997265 1.017018 1.022951 1.047100 0.975693 0.974953 1.021515 0.971707 0.969257 0.985282 1.000589 0.982711 0.990722 0.998285 0.987529 0.995655 
1.021825 1.001119 1.009557 0.993672 0.982081 0.971185 0.954300 1.009749 1.025116 0.965983 0.995901 0.961365 0.964112 0.971504 0.973690 0.969390 0.966283 0.970058 
0.979242 0.973815 0.959529 0.998474 0.957712 0.979482 1.034383 1.011543 1.004749 1.043275 1.031893 1.040312 1.038461 1.040290 1.032539 1.030363 1.036748 1.029063 
1.250817 1.147367 1.285558 1.136606 1.205824 1.293793 1.047546 1.045085 1.036705 1.055482 1.087680 1.116374 1.223575 1.248645 1.244985 1.246391 1.268816 1.232649 
1.070629 1.077536 1.111773 1.124485 1.253905 1.273563 1.096102 1.044520 1.052153 1.069708 1.080336 1.045525 1.147248 1.132592 1.146029 1.145779 1.147846 1.163686 
1.034379 1.100332 1.046096 1.078968 1.070476 1.050865 0.967373 0.947577 0.927428 0.951191 0.949339 0.987820 1.038342 1.033359 1.022927 1.032055 1.045825 1.049861 
1.034153 1.080081 1.047228 1.042484 1.050341 1.039464 1.005715 1.044685 1.114152 1.026389 1.054773 0.992386 1.023836 1.015040 1.019840 1.023512 1.015769 1.016687 
1.052028 1.080990 1.049179 1.110861 1.105608 1.111112 1.176324 1.064385 1.081136 1.132994 1.091110 0.989107 1.084505 1.070095 1.063268 1.071392 1.067251 1.069914 
1.275976 1.321641 1.328603 1.344003 1.585038 1.546821 1.068086 1.031585 1.014936 1.057958 1.048345 1.080692 1.346730 1.326108 1.352258 1.353066 1.363288 1.403182 
1.223092 1.201303 1.246898 1.170136 1.179833 1.196816 0.969156 0.950558 0.935221 0.942234 0.939026 0.962201 1.160266 1.175993 1.161214 1.172858 1.199347 1.171996 
1.206537 1.291333 1.214277 1.238997 1.196552 1.244442 1.121824 1.072031 1.066766 1.135107 1.128551 1.208144 1.196198 1.176523 1.159588 1.181084 1.187332 1.171142 
0.966273 0.968995 0.964009 0.989980 0.961065 0.977250 1.032208 1.059956 1.113764 1.046790 1.079096 1.048281 1.009102 1.016816 1.006034 1.004780 1.004982 1.000675 
1.050799 1.067456 1.065995 1.071226 1.057253 1.080948 1.037975 1.020992 0.996643 0.999323 1.004850 1.022875 1.065620 1.064703 1.056643 1.066865 1.069501 1.061935 
1.005554 1.028676 1.004282 1.032990 1.041845 1.014661 1.080764 1.066289 1.085686 1.083110 1.060258 1.018191 1.028297 1.026363 1.021887 1.028562 1.023141 1.025090 
1.009093 1.013206 1.013971 1.013077 1.033597 1.003698 1.008077 1.000188 1.006357 1.004088 1.014895 0.995332 1.000226 0.994776 1.003879 0.999055 0.996925 1.008133 
1.050346 1.027149 1.040966 1.057443 1.125784 1.142750 1.034961 1.031799 1.041000 1.049229 1.020588 1.007383 1.097026 1.095942 1.103997 1.103948 1.099461 1.118886 
1.077298 1.077015 1.058691 1.065484 1.058634 1.041778 1.037783 1.038430 1.041725 1.048292 1.052714 1.051558 1.023229 1.016401 1.024135 1.021774 1.012585 1.016290 
0.959474 0.953699 0.977045 0.977317 0.979422 0.973853 1.041292 1.048477 1.038368 1.039939 1.032841 1.008204 0.976500 0.977950 0.975694 0.978508 0.974562 0.972468 
0.932775 0.919239 0.956760 0.917752 0.938843 0.922416 1.016649 0.986742 1.002243 1.013161 1.005552 1.009946 0.982633 0.987075 0.985271 0.985773 0.987604 0.980156 
0.985148 0.992377 0.982095 0.978975 0.988103 0.985518 0.982773 0.998948 1.024479 0.996903 1.002798 0.998575 0.967956 0.969215 0.970144 0.970146 0.967876 0.971089 
1.054542 1.065274 1.049039 1.038552 1.027435 1.068777 1.026738 1.060392 1.058264 1.058346 1.046553 1.074722 1.040755 1.032534 1.036697 1.042928 1.034999 1.027778 
1.181836 1.185456 1.202500 1.137705 1.179301 1.173956 1.082743 1.011134 1.041397 1.047491 1.036058 0.981869 1.089876 1.087871 1.084799 1.090962 1.094802 1.081639 
0.934502 0.929507 0.949946 0.944078 0.954739 0.964699 0.989731 1.011285 1.014960 1.006508 1.007403 1.033685 0.983436 0.985256 0.986230 0.983157 0.984085 0.983201 
1.124501 1.122159 1.142692 1.104205 1.192754 1.121313 1.006473 1.035533 1.064174 1.032127 1.046163 1.005167 1.062373 1.072009 1.075896 1.072963 1.075642 1.080072 
1.106506 1.049630 1.133434 1.063732 1.096226 1.118747 1.028424 1.023233 1.018650 1.030170 1.032751 1.054535 1.078402 1.092388 1.088870 1.092585 1.098580 1.081526 
1.033002 1.037742 1.037084 1.028763 1.053417 1.013691 1.010753 1.035592 1.033582 1.027336 1.018634 0.972389 0.982815 0.980959 0.987882 0.989524 0.982776 0.990308 
1.003242 0.986107 1.000425 1.004159 1.004793 0.996801 1.130265 1.066938 1.104094 1.102000 1.114257 1.039748 1.027805 1.017915 1.021910 1.018084 1.006721 1.007652 
1.014071 1.043832 1.008894 1.009867 1.013765 1.036916 0.991189 1.037022 1.058825 1.030837 1.027873 1.036297 0.992022 0.990319 0.991034 0.993297 0.985350 0.984668 
1.054765 1.054354 1.048194 1.046482 1.064984 1.031565 1.013116 0.994999 1.011688 1.007157 0.999096 0.960610 1.020468 1.015955 1.023519 1.018449 1.016801 1.025236 
1.037481 1.074224 1.049998 1.061057 1.066435 1.104658 1.034936 1.023293 1.033016 1.043220 1.052728 1.077917 1.032544 1.024914 1.021269 1.026954 1.029593 1.025722 
1.171238 1.106633 1.191353 1.081608 1.101808 1.065827 1.019710 0.998642 0.990577 1.021506 1.004615 1.047292 1.083088 1.106261 1.101123 1.099231 1.114981 1.095254 
0.968309 0.988206 0.977934 0.966354 1.004071 0.980385 0.996166 0.987917 0.963940 0.987270 0.981817 1.010215 0.973485 0.964591 0.972768 0.974093 0.969153 0.974427 
0.999547 1.002262 1.029591 1.009491 1.063723 1.041498 0.995284 1.012581 0.986695 0.989643 1.000120 1.015255 1.020694 1.019222 1.025537 1.023481 1.028554 1.033357 
0.981582 0.976743 0.969123 0.984699 0.973971 0.969992 1.003722 1.063231 1.137643 1.035997 1.038079 0.952798 0.977923 0.985526 0.983696 0.982059 0.972198 0.972598 
0.965558 0.955198 0.968644 0.965384 0.977096 0.972729 1.078849 1.041787 1.040337 1.066205 1.076584 1.109682 1.009052 1.005588 1.008073 1.002342 1.005284 0.999124 
0.967947 0.948365 0.975298 0.967629 0.964246 1.006434 0.965954 0.979774 0.954941 0.988001 0.964836 1.011002 1.015172 1.019468 1.017348 1.021335 1.026513 1.017078 
1.083332 1.095571 1.072376 1.073468 1.062046 1.120116 1.035017 1.071877 1.114723 1.065806 1.086276 1.026093 1.123821 1.130685 1.114515 1.129543 1.135475 1.117815 
0.958475 0.955788 0.952493 0.950668 0.958773 0.904421 1.166196 1.102122 1.102373 1.195746 1.158364 1.117116 0.999720 0.990045 0.988327 0.991937 0.976282 0.966613 
0.978813 0.984459 0.962259 0.976326 0.950360 0.957248 1.093466 1.020423 1.047467 1.056702 1.034724 0.970248 1.017638 1.004405 0.998967 1.007225 1.000027 0.995480 
1.033465 1.024858 1.022172 1.052628 1.009544 1.028442 1.025185 1.032727 1.055932 1.016250 1.042697 0.994175 1.022847 1.032475 1.024626 1.022922 1.031122 1.028285 
1.084440 1.110089 1.091662 1.120560 1.135517 1.144977 0.998701 1.046349 1.076101 1.037498 1.045619 1.001746 1.139040 1.140843 1.133140 1.144713 1.154248 1.153439 
1.108427 1.125594 1.094877 1.090030 1.138741 1.089993 1.020723 1.046133 1.019470 1.039508 1.035540 1.026212 1.030415 1.028137 1.033852 1.033122 1.031936 1.039927 
1.046110 1.054675 1.055324 1.046301 1.058526 1.090238 1.021552 1.071196 1.101184 1.070186 1.078008 1.068080 1.096237 1.104189 1.090751 1.105709 1.106855 1.088441 
1.020390 0.993513 1.034121 1.022125 1.060746 1.080640 1.044043 1.088513 1.107433 1.097333 1.110452 1.069446 1.042161 1.042371 1.049403 1.046601 1.041545 1.041022 
1.179592 1.180630 1.186948 1.190318 1.354657 1.308539 1.019368 1.032758 1.003565 1.031087 0.999114 1.007254 1.184944 1.180240 1.196621 1.194989 1.197733 1.222344 
1.042626 1.083283 1.041189 1.064539 1.057239 1.055067 1.131744 1.061730 1.111212 1.116186 1.100063 0.993343 1.067674 1.048231 1.047929 1.053139 1.043567 1.042520 
1.096205 1.079400 1.107858 1.064756 1.092685 1.072614 1.019810 1.017440 0.997427 1.006268 1.005126 1.013211 1.046749 1.056077 1.054342 1.055606 1.059257 1.053040 
0.963620 0.955267 0.953912 0.970877 0.949630 0.955577 1.012363 1.011995 1.038839 1.003052 1.050745 1.060248 0.994285 1.004346 0.998825 0.991229 0.998990 0.998963 
1.127996 1.145337 1.118041 1.115697 1.107228 1.120314 1.058891 1.047772 1.061451 1.081411 1.048815 1.032851 1.067745 1.061060 1.060942 1.068152 1.061584 1.056937 
1.004742 0.973638 1.026623 0.980952 1.003003 1.015657 1.089987 1.072407 1.056424 1.123455 1.093640 1.069658 1.047306 1.054253 1.046356 1.049880 1.054819 1.035962 
1.001160 1.013894 1.009076 1.013186 1.013846 1.028843 1.027090 1.016592 1.018735 1.034713 1.058867 1.075005 1.059254 1.056295 1.055381 1.053120 1.061343 1.061733 
0.917410 0.944492 0.925701 0.946034 0.934726 0.947083 1.035403 1.025834 1.013765 1.026992 1.030243 1.010823 0.979299 0.977217 0.970506 0.974954 0.976026 0.976174 
0.976287 0.960211 0.966509 0.972393 0.975503 0.985990 0.987296 1.019500 1.027341 1.003195 1.016000 1.024302 0.975746 0.976883 0.981335 0.978070 0.973452 0.974916 
0.896405 0.920306 0.880558 0.909532 0.891136 0.915724 0.983419 0.982548 1.002599 0.981169 0.989765 1.040041 0.940448 0.934715 0.928743 0.935234 0.934659 0.929077 
0.989911 1.000935 0.995090 0.999449 1.034472 1.024535 1.046504 1.018841 1.024370 1.044330 1.050876 1.035240 1.025152 1.017776 1.019424 1.020633 1.019922 1.018386 
1.052137 1.023221 1.051700 1.016933 1.047455 1.086593 1.021202 0.997294 0.995443 0.992246 1.012122 1.013241 1.030639 1.034430 1.036528 1.036792 1.038045 1.030335 
0.976500 0.980601 0.977411 0.994443 0.974185 0.982543 1.153818 1.169020 1.203477 1.160578 1.194480 1.090120 1.075782 1.070402 1.066026 1.070862 1.062197 1.049639 
1.060218 1.070181 1.084722 1.074904 1.141014 1.150477 1.031554 1.006810 0.991212 1.006355 0.998881 1.034713 1.095763 1.080302 1.092513 1.098471 1.096124 1.104325 
1.018370 1.067853 1.032631 1.068043 1.024759 1.030759 1.000232 0.995137 0.967508 0.985109 0.983122 1.005101 1.052854 1.053710 1.040820 1.046423 1.060098 1.063114 
1.063143 1.039077 1.007166 1.055785 1.028105 1.090239 1.009087 1.030697 1.057707 1.005068 1.043593 1.053777 1.034149 1.038095 1.040916 1.034227 1.029351 1.034500 
1.036119 1.044673 1.037870 1.053262 1.078421 1.097401 0.967324 0.949044 0.951050 0.939451 0.922022 0.913551 1.005198 0.993546 1.005947 1.005311 1.003050 1.014943 
1.086573 1.091192 1.096719 1.111201 1.119950 1.097294 1.027054 1.085016 1.155983 1.046115 1.089626 1.003083 1.105966 1.113442 1.110666 1.116714 1.112088 1.113251 
1.018914 1.060721 1.006317 1.061853 1.054679 1.062826 0.975213 0.998779 0.992208 0.968816 0.993086 1.015009 0.993414 0.994286 0.991006 0.991862 0.998600 1.002443 
1.169489 1.153196 1.171601 1.139771 1.163172 1.140343 1.014794 1.030625 1.003739 1.032983 1.015505 1.019076 1.136770 1.141186 1.137749 1.145179 1.154583 1.146349 
1.036677 1.010599 1.018782 1.023749 1.021491 1.019467 1.062081 1.044220 1.071948 1.101432 1.097676 1.111249 1.052152 1.048311 1.052251 1.043806 1.043475 1.039415 
1.022587 0.997072 1.012922 1.014831 1.020143 1.024007 0.996053 0.980984 0.983525 0.988243 1.002554 0.997682 1.015409 1.019738 1.024313 1.015020 1.017826 1.019006 
1.036953 0.997710 1.010042 1.000626 0.993442 0.995096 1.072796 1.063299 1.061950 1.078348 1.103647 1.142548 1.011866 1.015083 1.017461 1.007595 1.004009 0.993392 
1.181757 1.172442 1.144408 1.147450 1.143223 1.164074 1.080298 1.072165 1.113854 1.085762 1.114211 1.104065 1.141295 1.145832 1.140149 1.141157 1.142128 1.134247 
1.078218 1.078388 1.069460 1.069038 1.127472 1.140304 0.978111 0.961597 0.934832 0.975018 0.950816 1.032929 1.041678 1.033892 1.047365 1.042678 1.043243 1.058680 
1.062259 1.015664 1.043671 1.035044 1.049489 1.052620 0.994530 1.009823 0.989881 0.998466 1.001966 1.037216 1.014626 1.026983 1.030143 1.020721 1.023129 1.029150 
1.099071 1.160109 1.085140 1.111346 1.079347 1.126212 0.964691 1.011631 1.034349 1.008895 1.010122 1.004757 1.060987 1.050440 1.044162 1.063611 1.059916 1.051793 
1.005104 1.015695 1.002055 1.012933 1.007769 1.034799 0.989748 1.003508 1.023495 1.017782 1.004497 0.986008 1.026901 1.034335 1.023192 1.025524 1.030833 1.027813 
1.096551 1.086494 1.087849 1.081701 1.080602 1.069609 1.034374 1.012783 1.029762 0.997521 1.006275 1.020760 1.044635 1.045247 1.048403 1.047242 1.048684 1.046566 
1.148224 1.156507 1.164014 1.159279 1.229353 1.240961 0.976419 0.994294 0.996099 0.983325 1.004241 1.057840 1.120179 1.113259 1.123474 1.127802 1.132646 1.142995 
1.121762 1.092514 1.152625 1.093111 1.107272 1.156281 0.979782 0.952632 0.942113 0.974744 0.975946 0.998915 1.140242 1.158780 1.142096 1.150483 1.177645 1.165700 
1.041502 1.073261 1.051411 1.077631 1.054438 1.060805 1.008774 0.981505 0.985671 0.999239 1.005340 0.995702 1.078264 1.072639 1.066993 1.073816 1.079697 1.085656 
0.997550 1.014838 1.006463 1.034722 1.013567 1.006019 1.135807 1.048760 1.084294 1.128399 1.103578 1.074542 1.076136 1.058249 1.055198 1.057700 1.055450 1.048379 
1.134681 1.116225 1.158943 1.116318 1.200520 1.198986 0.982077 0.996566 1.023389 1.011948 1.022044 1.004600 1.109289 1.112699 1.121965 1.118109 1.122398 1.127840 
1.018497 0.995530 1.021263 1.000910 1.000312 0.968412 1.119956 1.063712 1.062486 1.112809 1.120111 1.122189 1.028054 1.027081 1.025959 1.021037 1.018772 1.013786 
1.239003 1.214163 1.254267 1.206571 1.248304 1.318598 0.999669 1.037903 1.110598 1.036429 1.053043 0.941355 1.228287 1.247664 1.235988 1.246481 1.257234 1.251091 
1.042794 1.030009 1.054476 1.039831 1.049355 1.037563 0.948311 0.920166 0.905950 0.925793 0.914135 0.915025 1.033007 1.035200 1.035549 1.033268 1.050525 1.049045 
0.980491 1.010483 0.990589 1.006376 1.008638 0.983474 1.071527 1.056640 1.018995 1.058255 1.041448 1.077069 0.986894 0.985784 0.982548 0.985391 0.981944 0.982132 
1.063139 1.092007 1.077483 1.083261 1.118670 1.132916 1.098717 1.066285 1.071057 1.103799 1.077587 1.032171 1.103149 1.085342 1.094114 1.097180 1.095128 1.095088 
1.077752 1.007121 1.056186 1.035157 1.061438 1.069255 0.980987 0.996008 0.964510 0.980250 0.955589 0.929951 1.027657 1.044116 1.048346 1.038132 1.041736 1.052145 
1.120230 1.112694 1.141998 1.102033 1.180615 1.151918 1.121081 1.067064 1.053370 1.105606 1.065220 1.061225 1.114209 1.112846 1.115566 1.118836 1.125473 1.121603 
0.955549 0.945871 0.949877 0.963027 0.969026 0.973575 1.014423 1.021507 1.038585 1.013414 1.011181 0.984905 0.997323 1.000876 1.002178 0.999555 0.995427 0.996480 
0.948671 0.955604 0.959527 0.949856 0.987575 0.965711 1.092958 1.042242 1.047927 1.094300 1.090389 1.100176 1.014818 1.012479 1.012358 1.006803 1.010889 1.006873 
0.945887 0.948374 0.935054 0.936272 0.929935 0.928230 1.076922 1.070553 1.129179 1.082256 1.111281 1.064592 0.974094 0.973800 0.969509 0.967092 0.957603 0.953132 
1.076243 1.083465 1.097735 1.127709 1.164249 1.191927 0.974325 0.981548 0.956285 0.984719 0.985449 0.995259 1.088585 1.081846 1.090357 1.086627 1.096371 1.110009 
1.307149 1.434263 1.329428 1.361643 1.348907 1.439378 0.973302 0.968450 0.953712 0.973430 0.961519 0.999785 1.296089 1.282956 1.256376 1.295480 1.319561 1.317454 
0.986007 0.988637 0.971843 0.993718 0.981539 0.986069 1.011722 1.029842 1.037027 1.052711 1.027796 1.026949 0.984337 0.983580 0.982450 0.985369 0.977832 0.976973 
0.916101 0.897661 0.908931 0.929599 0.902242 0.913961 0.994847 0.992448 0.980884 0.999171 0.989356 0.995875 0.950246 0.955990 0.955351 0.950538 0.952434 0.957608 
1.042185 1.051947 1.020499 1.007478 1.015208 1.011563 1.067622 1.136209 1.222678 1.110559 1.149040 1.032487 1.034020 1.042376 1.035944 1.039788 1.024292 1.011552 
1.091181 1.074137 1.101360 1.078179 1.105052 1.103855 1.002458 1.010903 1.021073 1.004057 0.999322 0.953543 1.085154 1.088109 1.088634 1.096858 1.091196 1.092155 
1.096265 1.112413 1.098947 1.130294 1.107947 1.126455 1.026589 0.982934 0.985721 1.000005 0.977529 0.924156 1.136208 1.129386 1.121146 1.132596 1.139103 1.138593 
1.017825 0.991730 1.009637 0.981159 0.988403 0.968407 0.993254 0.976555 0.957776 0.991620 0.972662 1.004590 0.982323 0.990094 0.988504 0.987323 0.988342 0.981949 
1.084391 1.108508 1.079844 1.082917 1.094406 1.111202 0.976773 0.946627 0.930056 0.951595 0.954833 0.988079 1.014130 1.000296 1.014804 1.009357 1.010005 1.023229 
1.007315 1.072897 1.049181 1.067816 1.162621 1.133576 1.028749 1.008622 1.043530 1.013399 1.028418 0.963059 1.109642 1.102611 1.100721 1.107688 1.118206 1.134560 
1.063350 1.087123 1.080443 1.087886 1.119629 1.087669 0.995295 0.970877 0.961115 0.965519 0.974478 0.991045 1.062819 1.067009 1.061256 1.061584 1.077325 1.083760 
1.006014 0.994665 1.017819 1.002427 1.038144 1.032217 1.037279 1.051485 1.049067 1.016294 1.044868 1.017605 1.011844 1.009974 1.019376 1.015511 1.017750 1.018713 
1.107343 1.080631 1.110094 1.074777 1.102210 1.140020 0.978884 0.976707 0.973909 0.954614 0.973646 1.014022 1.057862 1.060115 1.069207 1.061194 1.068266 1.072696 
1.029572 1.045186 1.034066 1.061684 1.036573 1.073798 0.979425 0.978318 0.962944 0.982636 0.975246 1.015149 1.059245 1.052490 1.050641 1.058903 1.064181 1.067497 
0.995978 0.998307 1.012284 1.003635 0.994569 0.975700 0.970135 0.959688 0.939636 0.961017 0.942957 0.937612 0.968967 0.966593 0.968616 0.968175 0.968669 0.973517 
0.978367 0.973137 0.982284 1.001011 0.986478 0.995993 1.048969 1.011641 1.012472 1.026119 1.025252 1.015188 0.990516 0.985319 0.988521 0.982746 0.986952 0.985748 
1.044830 1.003368 1.038733 1.007011 1.014548 1.026545 0.946061 0.951986 0.921919 0.944814 0.945850 0.968656 1.005246 1.008469 1.011718 1.008325 1.012698 1.004327 
0.958549 1.000396 0.961415 0.987355 0.974383 1.005804 1.006304 1.001818 0.972565 0.995788 0.978673 1.003154 0.984260 0.966580 0.968399 0.977478 0.973588 0.973960 
1.011906 0.999606 1.030873 1.015907 1.107104 1.102278 1.011872 1.006974 1.013814 0.984103 0.997402 0.989442 1.055785 1.061138 1.069038 1.062365 1.071447 1.080501 
0.937476 0.935551 0.947388 0.952234 0.950189 0.921014 1.068146 1.042393 1.034679 1.076985 1.061600 1.098451 0.973550 0.975186 0.972186 0.966742 0.969843 0.970362 
1.025078 1.001959 1.028782 1.020973 1.020660 1.039007 0.978497 1.020850 1.039397 0.997451 1.021335 1.007993 1.041914 1.047863 1.051252 1.049372 1.048801 1.049790 
0.968439 0.991096 0.969497 0.977062 0.974180 0.986841 0.992743 0.998855 0.966206 1.012348 0.987671 1.013957 0.987335 0.979505 0.978039 0.986324 0.984818 0.979437 
0.985421 0.968645 0.996732 0.977573 1.006402 0.987591 1.009064 1.001703 1.005596 1.005645 0.999729 0.988032 1.018634 1.019273 1.026341 1.021228 1.021421 1.025268 
1.063194 1.063762 1.052715 1.077650 1.058417 1.057708 1.080939 1.078757 1.073386 1.100510 1.119500 1.169129 1.068019 1.062099 1.065859 1.060614 1.061622 1.059377 
0.985106 0.953999 0.999112 0.956051 0.965662 0.949911 1.192195 1.049510 1.103254 1.145706 1.116893 0.998674 1.038957 1.032283 1.023626 1.024901 1.022523 1.000308 
1.029874 1.043333 1.037968 1.046384 1.069215 1.098309 0.983071 0.960882 0.938226 0.958429 0.958085 0.989793 1.044683 1.038456 1.044296 1.044662 1.045526 1.059395 
0.971410 0.971800 0.959718 0.985693 0.969802 0.988670 1.012381 1.012612 0.980926 1.015960 1.009779 1.071236 0.985122 0.983357 0.981798 0.979003 0.980946 0.979771 
1.075472 1.062458 1.064852 1.059956 1.106287 1.087378 1.018953 1.037894 1.088295 1.032573 1.048217 0.955400 1.083297 1.079123 1.091703 1.086670 1.076153 1.089027 
1.102055 1.124396 1.084534 1.115264 1.108961 1.158858 0.966941 0.954183 0.975000 0.945459 0.955966 0.946816 1.082047 1.069963 1.076362 1.077742 1.076861 1.094503 
0.896146 0.928129 0.917926 0.933029 0.922436 0.925962 1.013547 1.002191 1.004282 0.983182 0.995852 0.993120 0.978780 0.981751 0.970046 0.973678 0.980340 0.978276 
1.099893 1.087335 1.120296 1.107366 1.104137 1.092484 0.942653 0.954539 0.942742 0.938136 0.937020 0.952435 1.038542 1.046497 1.048388 1.044668 1.054668 1.060302 
1.144822 1.147549 1.126014 1.127552 1.113165 1.181612 0.973463 0.977404 0.958135 0.972747 0.958061 0.976159 1.089038 1.083762 1.086026 1.091905 1.090731 1.095766 
0.956800 0.938484 0.936571 0.938253 0.932387 0.898827 1.077271 1.063063 1.075877 1.096452 1.108685 1.205969 0.944778 0.947894 0.945590 0.940775 0.934127 0.924961 
1.075790 1.067635 1.059997 1.069747 1.058641 1.072485 1.079984 1.095642 1.105363 1.103626 1.101813 1.123419 1.089705 1.086734 1.083285 1.088939 1.085827 1.074803 
0.927837 0.953004 0.935799 0.949996 0.943812 0.938167 1.008422 0.973904 0.984854 1.015063 0.994574 1.044492 0.978044 0.973373 0.967755 0.973983 0.971382 0.968588 
1.060162 1.101413 1.065979 1.078421 1.079805 1.102979 0.954234 0.960783 0.962476 0.937184 0.953808 0.926941 1.043975 1.032946 1.036537 1.041460 1.039432 1.050921 
1.071145 1.106611 1.052037 1.083719 1.061282 1.080777 1.054860 1.043371 1.063131 1.059971 1.052387 1.046434 1.060909 1.049279 1.046941 1.059517 1.050162 1.047314 
1.033818 1.015003 1.008605 1.029833 1.073522 1.086050 1.028484 1.018459 1.006033 1.049652 1.030904 1.051902 1.050946 1.048374 1.056527 1.048819 1.047561 1.054651 
1.014666 1.014376 1.024486 1.028509 1.030998 1.001727 0.944444 0.948520 0.940765 0.929770 0.927830 0.912445 0.969948 0.969529 0.977961 0.971241 0.970497 0.985633 
1.022933 1.072603 1.028898 1.062157 1.025198 1.010062 1.037866 1.025412 1.036779 1.016170 1.002670 0.986020 1.053839 1.055013 1.040204 1.055104 1.056413 1.054513 
1.190898 1.161505 1.180480 1.185613 1.160686 1.171811 1.050964 1.073704 1.123723 1.090695 1.100973 1.069068 1.187096 1.195139 1.187635 1.194110 1.198512 1.193608 
0.991602 1.005042 1.003141 1.022310 0.995720 0.990945 0.994806 0.970620 0.943496 0.970072 0.966419 0.980412 1.001054 0.992959 0.993420 0.994455 1.002580 1.001875 
0.999104 0.990903 1.001487 0.996773 1.028689 1.016372 0.950328 0.920986 0.919451 0.937193 0.921641 0.948887 1.021330 1.017894 1.023217 1.020692 1.025298 1.033434 
0.959217 0.955116 0.965698 0.955587 0.969382 0.985220 1.085496 1.037678 1.031402 1.051919 1.059534 1.062981 1.005811 1.000814 0.999960 1.000189 0.994043 0.983129 
1.087557 1.086595 1.047689 1.062296 1.064088 1.042687 1.026458 1.022887 0.988529 1.034456 1.027258 1.096704 1.030569 1.025904 1.028043 1.022603 1.025747 1.020841 
1.029666 1.003548 1.018891 1.002976 1.000754 1.018558 0.989947 1.029040 1.032096 1.026216 1.036446 1.018746 1.034559 1.039851 1.041906 1.039208 1.035172 1.028771 
1.081105 1.061922 1.072409 1.073440 1.068313 1.095713 1.079098 1.036294 1.051366 1.093543 1.069165 1.071915 1.088923 1.080026 1.077775 1.085378 1.077074 1.071085 
1.037738 1.043215 1.046706 1.051071 1.067669 1.067259 0.992859 0.982690 0.994616 0.985027 1.003393 1.005224 1.059383 1.057681 1.058307 1.057887 1.068097 1.069369 
0.977784 0.955967 0.975742 0.963967 0.979810 0.979936 0.980023 1.017679 1.044547 0.987422 0.985120 0.935781 0.970160 0.980290 0.982343 0.977061 0.975755 0.979117 
1.056563 0.983904 1.079686 0.993963 1.027303 1.059101 1.043528 0.997035 1.004967 1.029486 1.023442 1.053053 1.073980 1.091481 1.084501 1.082044 1.093619 1.075837 
0.941280 0.947907 0.946226 0.954059 0.950387 0.962481 1.022431 0.998286 0.978169 0.995502 0.980175 0.979634 0.921103 0.916161 0.916975 0.915813 0.913454 0.916552 
1.149103 1.176709 1.170297 1.127388 1.188665 1.098254 1.008319 1.025186 1.072103 0.997623 1.031915 0.920660 1.044082 1.054827 1.054301 1.055033 1.060137 1.064277 
0.948903 0.927081 0.927567 0.934961 0.930771 0.938073 1.007636 1.009111 1.012935 1.034805 1.003897 1.015334 0.952383 0.953794 0.954485 0.952563 0.946062 0.945361 
1.125655 1.121630 1.130080 1.091036 1.115680 1.071869 0.990727 0.991542 1.033467 0.985420 1.013717 0.960170 1.062750 1.070922 1.065842 1.068498 1.072774 1.068662 
1.024458 1.030062 1.037732 1.027406 1.056126 1.059624 1.037728 1.077151 1.065878 1.056672 1.085150 1.119219 1.079337 1.085941 1.078847 1.083301 1.090252 1.079866 
1.110854 1.111581 1.150687 1.117229 1.344028 1.289570 1.063804 1.061303 1.074480 1.090881 1.081221 1.068773 1.198547 1.190349 1.211649 1.206853 1.215972 1.233738 
1.204060 1.181270 1.220551 1.160703 1.246358 1.268554 1.097335 1.089080 1.111801 1.112743 1.141501 1.119732 1.169739 1.173442 1.181897 1.180442 1.179659 1.178954 
1.110623 1.113663 1.102744 1.066917 1.076064 1.066935 1.026610 1.027659 0.983876 1.012839 1.000605 1.025997 1.037363 1.034340 1.034461 1.038698 1.042630 1.029051 
1.100030 1.149593 1.125077 1.128679 1.117633 1.176371 1.036393 1.042497 1.026978 1.031097 1.050209 1.061491 1.163728 1.162400 1.138396 1.162983 1.180763 1.161995 
1.106792 1.211577 1.131648 1.190108 1.177522 1.242615 1.069878 1.027298 1.030414 1.084260 1.048130 1.044398 1.170073 1.150427 1.135003 1.163839 1.167297 1.161644 
1.024292 1.040161 1.008308 1.034652 1.015650 1.040309 1.061425 0.988725 0.986183 1.022447 1.007040 1.008042 0.997304 0.975980 0.987258 0.985091 0.979268 0.986426 
1.023020 0.975570 1.028718 0.991801 0.991528 1.003955 1.061875 1.132536 1.259845 1.116019 1.172605 1.029576 1.075296 1.102899 1.087167 1.092844 1.085912 1.064346 
1.030994 1.031952 1.005558 1.000970 0.999208 0.998750 1.020876 1.175104 1.317604 1.133502 1.167598 1.039917 1.021841 1.036870 1.030977 1.034937 1.014459 1.007195 
1.071441 1.146951 1.070723 1.145180 1.073768 1.087043 1.093898 1.130012 1.157600 1.122475 1.152549 1.064467 1.144368 1.146925 1.117210 1.138223 1.148835 1.133646 
1.034730 1.071287 1.052957 1.044347 1.037765 1.057071 0.983244 1.007897 1.012645 0.988937 1.003653 1.016659 1.034979 1.030569 1.025056 1.037972 1.038923 1.034228 
1.152930 1.100708 1.187684 1.105378 1.120381 1.112781 1.052539 1.025364 1.005991 1.061185 1.059843 1.093702 1.144511 1.166867 1.154432 1.154811 1.179532 1.151976 
1.070572 0.992647 1.084231 0.987849 1.029418 1.029481 1.012925 1.012684 1.006316 0.998089 0.994785 1.006621 1.072355 1.097201 1.089810 1.089745 1.095807 1.072984 
1.044742 1.043438 1.011354 1.030654 1.017907 1.020713 1.056642 1.006192 1.077559 1.035215 1.047248 0.996344 1.033170 1.022220 1.026192 1.024910 1.013064 1.013802 
1.012361 1.029512 1.027523 1.011290 1.035935 1.010806 1.008392 1.015364 0.999504 1.012246 1.003981 1.004728 1.011814 1.008064 1.006042 1.012004 1.012237 1.005732 
0.981182 0.974962 1.001298 1.000610 1.002934 0.970367 1.030592 0.997939 1.023967 1.029366 1.017469 1.017255 1.021795 1.018984 1.018432 1.022157 1.020713 1.020317 
1.012151 1.078159 1.012988 1.035100 1.001901 1.050265 0.964276 0.948377 0.946060 0.951057 0.940721 0.957378 1.047618 1.038530 1.023582 1.041990 1.050887 1.048549 
0.978089 1.010498 0.974212 1.008735 0.988663 1.036629 0.966211 0.986840 0.981748 0.968811 0.977301 1.008950 0.979418 0.974415 0.972018 0.978275 0.978249 0.985528 
1.176793 1.126725 1.210032 1.133373 1.175429 1.090811 0.954834 0.977939 0.948726 0.959539 0.956769 1.014302 1.098794 1.122023 1.116155 1.120999 1.131954 1.119896 
1.292782 1.202840 1.325271 1.185558 1.214776 1.255262 0.977537 1.014062 1.011671 1.002774 1.023019 1.006689 1.224097 1.257124 1.245528 1.254518 1.273560 1.243105 
1.004252 1.037414 1.001223 1.028403 1.012243 1.029648 1.022242 1.083526 1.095238 1.058957 1.088072 1.072210 1.020576 1.012266 1.007923 1.019236 1.014552 1.006391 
1.039656 0.992839 1.077717 1.004501 1.045947 1.023173 1.049266 1.089815 1.144637 1.082569 1.134035 1.062592 1.046994 1.067845 1.060875 1.058800 1.061526 1.043471 
1.048157 1.038315 1.051978 1.039027 1.072960 1.065838 1.002290 1.018525 0.986830 1.022090 1.019582 1.068894 1.028562 1.026819 1.034192 1.032634 1.030595 1.028998 
1.040184 1.027095 1.042157 1.040375 1.034310 1.063102 0.991349 1.005139 1.052236 1.007737 0.998824 0.926456 1.046378 1.043503 1.046110 1.047192 1.038546 1.042434 
1.061964 1.123272 1.081973 1.123935 1.155083 1.138330 1.097767 1.071018 1.059608 1.131457 1.136134 1.152567 1.162095 1.150634 1.143860 1.153570 1.162223 1.162913 
1.008488 1.099621 1.050071 1.086823 1.072984 1.109951 0.997924 1.026213 1.032109 1.003899 1.035997 1.058956 1.102615 1.102941 1.074828 1.098292 1.121054 1.110294 
0.922984 0.923468 0.926306 0.922976 0.910870 0.866072 1.066786 1.002111 1.032512 1.042365 1.018536 0.971228 0.954210 0.949866 0.942709 0.946282 0.940288 0.933550 
1.302064 1.210214 1.340643 1.203276 1.228009 1.274347 0.979032 1.025761 1.056561 1.010224 1.020904 0.965434 1.221630 1.257202 1.242821 1.256786 1.273662 1.241611 
1.001270 1.004982 1.003091 1.019020 1.047213 1.056266 1.006892 1.050377 1.066013 1.052429 1.049863 1.065427 1.049922 1.046353 1.050589 1.048869 1.050066 1.052282 
1.074982 1.093979 1.081241 1.089458 1.078505 1.113359 1.064923 1.057478 1.066614 1.070384 1.077954 1.054905 1.071614 1.063395 1.057094 1.068273 1.068746 1.062227 
1.086718 1.069655 1.070982 1.084917 1.085445 1.116537 1.040808 1.027451 1.028950 1.039884 1.052096 1.053450 1.095902 1.089698 1.096782 1.091992 1.093122 1.096161 
1.063582 1.017338 1.058712 1.005616 1.032599 1.027014 1.092056 1.127546 1.191990 1.146212 1.161121 1.133950 1.126115 1.140234 1.132207 1.133121 1.128840 1.103058 
1.090122 1.081129 1.065376 1.082375 1.072210 1.092549 0.991497 0.981390 0.975435 1.001935 0.979102 0.965039 1.016992 1.009328 1.018432 1.011192 1.005535 1.017586 
1.093721 1.065519 1.083709 1.062168 1.074317 1.050010 0.978502 0.996586 0.997337 1.001397 1.012496 1.028210 1.069622 1.083466 1.079614 1.079763 1.085673 1.079599 
0.973540 0.966597 0.976560 0.989171 0.983375 0.947744 1.058295 1.021717 1.042414 1.057518 1.046443 1.028928 0.990589 0.987654 0.987593 0.982130 0.982346 0.983418 
1.005070 0.960283 0.984852 0.980978 0.951811 0.974051 1.098833 1.069175 1.079164 1.128221 1.133399 1.212308 1.037116 1.042110 1.038679 1.022732 1.026391 1.013050 
1.060914 1.073850 1.072188 1.045671 1.057488 1.061123 0.947222 0.929130 0.919783 0.944397 0.921406 0.924575 1.026923 1.023733 1.019134 1.027073 1.033699 1.030313 
0.953745 0.953737 0.951590 0.963336 0.940604 0.935663 1.002882 1.009734 1.029658 1.005342 1.012427 0.983148 0.957593 0.956146 0.956822 0.953304 0.951530 0.950362 
1.261786 1.200619 1.330476 1.232030 1.385626 1.405949 0.989700 0.976979 0.983065 0.968810 0.962547 0.957728 1.267731 1.273497 1.288478 1.290395 1.310675 1.314575 
1.263603 1.285540 1.291846 1.252533 1.291144 1.349667 0.998032 0.968016 0.964737 1.012027 0.978367 0.951058 1.214701 1.209181 1.199816 1.222357 1.235482 1.223182 
0.993582 0.975827 1.008763 0.975672 0.982850 0.998134 0.989716 0.990766 0.969099 1.000012 0.985749 0.991834 1.021770 1.024855 1.025253 1.027487 1.030908 1.028031 
1.107503 1.124472 1.068688 1.087528 1.080778 1.116442 1.014418 0.983460 0.967207 1.016116 0.998725 1.039751 1.024055 1.018241 1.016141 1.015858 1.016471 1.017433 
1.019566 1.016541 1.053187 1.019479 1.059543 1.022602 1.025692 1.010170 0.999962 1.047128 1.026368 1.023369 1.041705 1.040358 1.041671 1.045491 1.048417 1.042347 
0.930088 0.931146 0.942090 0.918816 0.918917 0.889580 1.007070 1.009626 0.967095 0.993797 0.994374 1.025279 0.930964 0.935571 0.932834 0.929774 0.933779 0.929061 
0.978038 0.958103 0.993604 0.979144 0.993012 0.993586 0.974281 0.988768 1.013908 0.982050 0.994425 0.953609 0.980686 0.988306 0.988930 0.985306 0.984821 0.988754 
1.074124 1.058604 1.098233 1.068280 1.153022 1.168219 1.011874 1.045761 1.043147 1.037698 1.040549 1.036839 1.095767 1.097429 1.104391 1.104112 1.103683 1.109043 
1.071318 1.103414 1.091789 1.101710 1.090728 1.062865 1.167233 1.230319 1.319951 1.234162 1.291198 1.133998 1.161348 1.171926 1.152845 1.172482 1.167904 1.145702 
1.073071 1.052050 1.077831 1.059175 1.070152 1.109716 0.988184 0.996903 1.003667 1.000315 0.991982 0.954901 1.091300 1.100095 1.092293 1.099223 1.106424 1.094369 
0.940960 0.974056 0.953954 0.965647 0.975994 0.932786 1.017725 1.063437 1.130719 1.041438 1.076619 0.983936 0.969811 0.969566 0.968024 0.970772 0.965474 0.963858 
0.921386 0.912056 0.928764 0.922295 0.920318 0.919651 0.962941 0.941547 0.905077 0.945039 0.931118 0.952619 0.922749 0.921115 0.924874 0.920404 0.923780 0.928768 
0.944014 0.949634 0.942550 0.950446 0.949354 0.961243 0.965155 0.970987 0.979570 0.964895 0.967985 0.936683 0.953445 0.949718 0.951913 0.953166 0.950093 0.956154 
0.951763 0.970627 0.944460 0.972958 0.939392 0.970665 1.071902 1.093721 1.063111 1.078384 1.079668 1.051623 1.013469 1.016074 1.001050 1.012165 1.010538 0.996519 
1.095122 1.100291 1.077488 1.090131 1.066715 1.081034 0.981049 0.967379 0.970254 0.990489 0.961696 0.976495 1.068861 1.069001 1.064590 1.068896 1.070773 1.076128 
1.074109 1.079059 1.061318 1.059649 1.059624 1.079123 1.025527 1.001910 0.985378 1.032670 1.000392 1.033999 1.030595 1.019912 1.025879 1.026458 1.022412 1.024025 
1.126528 1.145393 1.144023 1.119110 1.117228 1.136435 1.038421 1.002610 0.965529 1.029741 1.012548 1.021087 1.065574 1.051305 1.056327 1.060086 1.060552 1.054200 
0.964810 0.953949 0.952559 0.961023 0.940276 0.930610 1.069711 1.038351 1.045621 1.079318 1.092909 1.147277 1.021486 1.024173 1.018706 1.013050 1.014213 1.001904 
1.079330 1.068909 1.077409 1.075748 1.079963 1.144429 1.117233 1.084515 1.083047 1.134219 1.138836 1.140708 1.146870 1.141737 1.135872 1.141891 1.142718 1.126652 
1.090641 1.126141 1.114806 1.145736 1.174173 1.189098 0.965469 0.966124 0.924144 0.953463 0.928309 0.921064 1.100520 1.099052 1.094807 1.103864 1.118578 1.132424 
0.991783 0.969521 0.977447 0.968830 0.985267 1.009057 1.038121 1.041291 1.080113 1.050772 1.064879 0.982771 0.999884 1.001094 1.006135 1.002120 0.993327 0.994983 
0.941775 0.974089 0.952761 0.981753 0.992959 1.008619 1.005127 1.031245 0.983144 1.003597 1.002102 1.051101 0.993144 0.988101 0.989064 0.992525 0.993129 0.997340 
1.010448 1.074481 1.018641 1.037390 1.073527 1.024965 1.003049 0.961543 0.995992 0.968837 0.967511 0.944714 1.001136 0.993121 0.989742 0.998692 0.998216 1.009925 
0.913907 0.934957 0.930988 0.932534 0.956724 0.952842 0.987359 1.000785 0.986784 0.995425 1.009420 1.079948 0.961167 0.956555 0.960292 0.960710 0.958568 0.960579 
0.886696 0.891230 0.900378 0.880500 0.889677 0.851140 0.935271 0.998401 0.990039 0.951269 0.976834 0.991259 0.902724 0.909167 0.912975 0.906298 0.903789 0.906160 
0.963532 0.974559 0.953438 0.965398 0.943121 0.963832 0.998220 1.005500 0.977967 0.989519 0.994510 1.043434 0.981855 0.972908 0.974121 0.978105 0.974248 0.967791 
0.972658 0.997678 0.972185 0.994812 0.973882 1.001065 1.031326 1.024942 1.036553 1.058252 1.054591 1.024705 1.015868 1.006143 1.005812 1.010129 1.005675 1.004260 
1.226136 1.175455 1.209946 1.140571 1.159841 1.193940 1.002108 1.053656 1.051583 1.035745 1.033450 1.015662 1.128228 1.140083 1.139176 1.146926 1.144057 1.127932 
1.050326 1.063481 1.055631 1.060548 1.155578 1.189442 1.027444 1.037021 1.044644 1.021602 1.043768 0.993378 1.086972 1.076626 1.085710 1.090090 1.087241 1.090996 
0.996130 0.990292 0.996466 1.015301 1.030872 1.029887 0.974714 1.019282 1.038296 0.992008 1.005101 0.975064 1.008087 1.007938 1.017181 1.009502 1.010841 1.023563 
1.021550 1.023230 1.029080 1.027732 1.044195 1.049109 0.982921 1.015579 0.978168 0.989543 0.999124 1.055978 1.009180 1.008159 1.010834 1.010156 1.012581 1.012654 
0.962320 0.960017 0.946670 0.969428 0.945561 0.966442 1.056828 1.017034 1.086587 1.041707 1.053357 0.970205 0.995972 0.988435 0.991401 0.985191 0.977553 0.983434 
1.011631 0.994031 0.995588 0.993936 0.974884 1.014894 1.015944 1.030913 1.067439 1.013644 1.054195 1.003818 1.010670 1.006120 1.014968 1.008563 1.003521 1.008455 
0.990955 0.983654 0.995977 0.984764 0.991012 1.024705 1.015357 1.022693 1.021823 1.025944 1.036294 1.057889 0.995870 0.994189 0.995252 0.995292 0.994711 0.990557 
0.958367 0.961579 0.981409 0.974863 0.998514 0.987371 1.017293 0.974309 0.980755 0.981924 0.982764 0.961772 0.983691 0.980788 0.981372 0.982798 0.982272 0.985716 
1.059726 1.052097 1.040537 1.049268 1.045184 1.035243 1.033851 1.010465 1.018752 1.014393 0.991034 0.973455 1.030046 1.035066 1.032678 1.035531 1.036409 1.033689 
1.011707 1.048605 1.026142 1.011569 1.043334 1.012291 1.005282 1.001514 1.012279 0.994604 0.984840 0.954499 0.984696 0.977178 0.981056 0.981871 0.978747 0.980589 
0.993683 0.998530 1.004984 0.997345 0.999644 0.999558 0.957162 0.948332 0.955699 0.921215 0.935155 0.932791 0.964152 0.960657 0.965567 0.963219 0.965527 0.971023 
1.102146 1.054132 1.115772 1.056692 1.083696 1.150792 1.063518 1.069453 1.076856 1.091555 1.104949 1.106621 1.151429 1.164842 1.155929 1.158967 1.171154 1.146883 
1.201981 1.209649 1.204863 1.181180 1.286895 1.255848 1.009785 0.982833 0.968972 1.001016 1.002364 0.998713 1.126015 1.116275 1.130570 1.129206 1.130696 1.141110 
1.080703 1.039282 1.093525 1.047074 1.050202 1.056887 1.129547 1.031267 1.089573 1.110800 1.090418 1.043309 1.145163 1.141705 1.138625 1.141481 1.142327 1.123116 
0.978661 0.983419 0.984303 0.979542 0.958573 0.983856 1.075567 1.049330 1.034807 1.103954 1.091487 1.113558 1.074579 1.076335 1.062486 1.067882 1.076067 1.058649 
1.001840 1.040101 1.013225 1.027112 1.047621 0.992084 1.022498 1.016251 1.037855 0.998318 1.027374 0.992935 1.028605 1.023883 1.022253 1.028922 1.028917 1.034305 
1.025316 0.996026 1.034421 1.005317 0.995554 1.008093 0.958318 0.937522 0.938001 0.931433 0.937664 0.938850 1.002052 1.005380 1.006384 1.005045 1.011595 1.002191 
1.084761 1.134281 1.116003 1.133388 1.149532 1.140049 1.115116 1.071668 1.072024 1.134639 1.140628 1.181147 1.149007 1.138969 1.127108 1.140932 1.147545 1.137956 
1.090004 1.091309 1.091109 1.092222 1.099662 1.067265 0.975389 0.981337 0.960864 0.954842 0.976407 0.964780 1.002129 1.007436 1.007952 1.001996 1.013760 1.017139 
0.943324 0.941492 0.961685 0.946028 0.939628 0.965991 1.026345 1.051532 1.047291 1.041784 1.041252 1.041624 1.024011 1.020244 1.016648 1.025769 1.020743 1.005064 
1.054195 1.024240 1.061355 1.042773 1.060081 1.098322 1.062945 1.022461 1.038666 1.021866 1.034255 0.989033 1.079810 1.078754 1.079645 1.081513 1.079787 1.071740 
1.292298 1.210594 1.376874 1.257437 1.447802 1.489970 1.011045 1.026028 1.029543 1.008117 1.022216 1.034787 1.358458 1.374543 1.383558 1.394541 1.421672 1.416315 
1.206952 1.284155 1.215760 1.259736 1.231423 1.308776 1.015542 1.018000 0.996882 1.019152 1.024087 1.086818 1.195216 1.175704 1.168999 1.194876 1.197760 1.194890 
1.017080 1.029172 1.013192 1.018238 1.011923 0.991545 1.120218 1.107974 1.072138 1.136937 1.149480 1.223582 1.013590 1.009580 1.008609 1.003103 1.001425 0.990188 
1.040474 1.036513 1.004981 1.016729 0.998711 1.019989 1.002532 0.991229 0.989033 1.012145 0.998646 0.996470 1.017948 1.017263 1.014929 1.015903 1.012805 1.009662 
0.992540 0.998634 0.983504 1.021088 1.018164 0.984181 1.039087 1.096884 1.188348 1.081732 1.103797 0.985138 1.035601 1.041929 1.038463 1.036733 1.031704 1.031273 
1.017043 1.026396 1.020948 1.017166 1.011015 1.010923 0.923114 0.919570 0.887615 0.897078 0.886361 0.922287 0.986787 0.994048 0.987990 0.990880 1.002667 1.005527 
1.001917 0.979693 0.978877 0.980682 0.958141 0.975687 1.033629 1.005677 0.994691 1.027354 0.986083 0.973162 1.009706 1.009068 1.004671 1.007061 1.004516 1.001026 
1.051698 1.061240 1.066947 1.068720 1.099519 1.132265 1.086093 1.034033 1.039648 1.115182 1.077213 1.059962 1.111259 1.105087 1.099632 1.106727 1.110403 1.108394 
1.048084 1.049636 1.031916 1.051391 1.042236 1.024738 1.005808 1.019024 1.019625 1.006693 1.022996 1.029852 1.013299 1.013267 1.020611 1.007490 1.011390 1.021254 
0.976471 1.034484 0.977175 1.024138 0.990661 1.013355 0.970768 0.975373 0.953634 0.963338 0.964727 0.993215 0.986670 0.980164 0.971688 0.983414 0.984821 0.983125 
1.056586 1.031045 1.059167 1.022497 1.021616 1.043418 1.108911 1.081289 1.123638 1.127700 1.150988 1.150974 1.117398 1.130384 1.115351 1.116232 1.124796 1.103581 
0.942480 0.930135 0.963120 0.928042 0.935453 0.888423 1.057211 0.984321 0.995271 1.008256 0.999387 0.973418 0.957701 0.957678 0.954842 0.954063 0.955437 0.947049 
0.966924 0.968265 0.944656 0.973054 0.936614 0.979833 1.010090 1.048316 1.079906 1.026999 1.054600 1.005068 1.005432 1.002446 1.002231 1.004939 0.992119 0.989530 
1.068281 1.026206 1.076799 1.032785 1.039453 1.051140 1.053451 1.038924 1.017825 1.066518 1.037004 1.021613 1.053141 1.071207 1.059962 1.063902 1.075786 1.055473 
1.051458 1.060819 1.066173 1.057287 1.031898 1.055177 1.003807 0.988531 0.993138 0.979738 0.980111 0.981156 1.071977 1.078465 1.061154 1.078286 1.088555 1.075244 
1.016023 1.048744 1.018376 1.034548 1.011145 1.043249 1.025933 1.003787 0.995214 1.049298 1.025506 1.006500 1.030807 1.020907 1.011720 1.023397 1.019990 1.011892 
1.020936 1.026301 1.021262 1.041048 1.047672 1.033222 1.004131 1.016503 0.984297 1.006930 0.999854 1.021936 0.996412 0.989878 0.999172 0.996331 0.994592 1.004073 
1.075875 1.027803 1.105481 1.040161 1.076949 1.053708 1.030985 1.015748 1.063176 1.024440 1.034150 0.964696 1.067166 1.081124 1.080025 1.078637 1.085021 1.073919 
1.186865 1.341300 1.176285 1.313229 1.225975 1.371165 1.057028 1.023433 1.068562 1.063467 1.068137 1.079241 1.299969 1.287269 1.235987 1.287786 1.313211 1.297584 
0.975084 0.975266 0.968224 0.969151 0.957255 0.997647 1.010017 1.035474 1.026711 1.038214 1.032949 1.013501 1.012276 1.006011 1.011435 1.013802 1.003634 1.003008 
0.980962 1.012498 0.992368 0.996725 1.006951 0.986736 1.051040 1.052584 1.071896 1.067019 1.078781 1.003517 0.981805 0.976720 0.974050 0.977438 0.976206 0.972782 
0.966837 0.969924 0.967072 0.968565 0.969211 0.965938 1.035549 1.084412 1.130507 1.081276 1.096962 1.094377 0.999562 0.998368 1.000386 1.004627 0.990508 0.986898 
0.992363 1.013183 0.972468 0.990611 0.994442 0.987361 0.998133 0.996492 1.030643 1.017894 0.997865 0.981672 0.996422 0.989775 0.989128 0.992917 0.984836 0.989587 
0.963400 0.940052 0.964037 0.963658 0.971282 0.958549 0.985474 0.974890 0.962932 0.962422 0.973727 0.992754 0.962063 0.966900 0.972550 0.961201 0.965590 0.972663 
1.065056 1.081518 1.051254 1.092584 1.078373 1.125363 1.043571 1.065081 1.104729 1.086090 1.067033 1.007250 1.140151 1.143776 1.133152 1.141391 1.146651 1.145354 
1.080076 1.068191 1.061501 1.091333 1.063801 1.098431 0.995308 0.981850 0.961558 1.008648 1.004270 1.057051 1.069292 1.067889 1.067909 1.062239 1.069955 1.075023 
0.963175 0.949914 0.972409 0.965952 0.973652 0.958450 1.024776 1.023028 1.047728 1.027917 1.020950 0.964737 0.985807 0.990923 0.989434 0.992096 0.986944 0.987786 
0.980823 0.965716 0.979954 0.969490 0.981322 0.962575 1.016192 1.054187 1.084253 1.040470 1.066420 1.024105 0.993252 1.000295 1.000765 0.996654 0.993324 0.994127 
1.056331 1.099144 1.044181 1.101426 1.059573 1.062077 1.034789 1.000106 0.999384 1.039703 1.017662 1.000998 1.063317 1.052272 1.047495 1.053325 1.052682 1.053223 
1.061508 1.023937 1.043583 1.021881 1.048731 1.026675 1.161751 1.144350 1.135474 1.223440 1.203237 1.209096 1.070705 1.076386 1.072233 1.067209 1.062283 1.047471 
1.027961 1.032150 1.022993 1.021545 1.046482 1.084910 0.986647 0.994209 0.962552 1.005636 0.985755 1.013415 1.049871 1.044849 1.047564 1.052164 1.053428 1.056220 
1.065959 1.069477 1.079594 1.070603 1.068852 1.069874 1.006103 0.998918 1.008466 1.006950 0.997716 1.020399 1.061392 1.058850 1.057869 1.063292 1.065871 1.060593 
1.078270 1.089578 1.063790 1.062463 1.069544 1.032136 0.976107 0.986286 1.008281 0.989485 0.986515 0.993605 0.992761 1.000856 0.998742 0.998455 0.997868 0.997059 
1.021806 0.996508 1.033877 0.996114 1.001077 1.012682 1.101976 1.058383 1.078022 1.068321 1.069506 0.999361 1.039259 1.038576 1.034953 1.038987 1.031981 1.018560 
1.054307 1.036549 1.045803 1.017844 1.028633 1.006661 0.967477 0.989956 0.969228 0.958708 0.968103 0.970020 0.985352 0.994910 0.994592 0.993876 0.994744 0.992575 
0.944166 0.935613 0.941053 0.936438 0.935411 0.934546 1.046492 1.048773 1.031678 1.046763 1.051195 1.077658 0.976498 0.978032 0.976439 0.975166 0.973474 0.968277 
1.181807 1.167323 1.180030 1.160127 1.147702 1.195366 1.081572 1.035221 1.022985 1.061987 1.076054 1.063025 1.128834 1.114204 1.121174 1.123049 1.123522 1.118693 
1.041258 1.034919 1.013177 1.018100 1.027553 1.027558 1.104378 1.122815 1.129885 1.129504 1.147740 1.137305 1.034381 1.036292 1.040249 1.033973 1.025714 1.022212 
1.023482 1.044953 1.020751 1.036012 1.012619 1.009537 0.943854 0.988047 1.034746 0.959017 0.999885 0.961212 0.980936 0.983857 0.983865 0.980150 0.980277 0.985512 
1.118242 1.046985 1.120199 1.051802 1.069542 1.072993 0.979437 0.958269 0.931371 0.944814 0.918779 0.968706 1.051538 1.063974 1.071069 1.061371 1.069449 1.068703 
1.120353 1.107852 1.150430 1.127926 1.120447 1.141801 1.065034 1.032497 1.026124 1.093653 1.069876 1.100778 1.162684 1.161632 1.150655 1.164148 1.175374 1.155685 
0.917681 0.911947 0.913110 0.910641 0.893163 0.915898 1.027202 1.063845 1.057470 1.061254 1.042319 1.018151 0.974146 0.980357 0.973401 0.976566 0.972095 0.964770 
0.965491 1.003494 0.951904 1.012118 0.983644 1.026022 1.069796 1.058476 1.049415 1.093506 1.086414 1.092072 1.020314 1.010010 1.005985 1.007161 1.008399 1.001204 
0.961888 0.991298 0.971254 0.993434 1.015701 1.043768 1.033604 0.978344 0.973674 1.025323 1.004741 1.017654 1.055316 1.049412 1.040324 1.048012 1.056276 1.054426 
0.919995 0.929912 0.936381 0.928597 0.942338 0.921439 1.084685 1.103584 1.140143 1.113042 1.123027 1.073455 0.989111 0.984924 0.981959 0.988489 0.975409 0.964667 
1.026665 0.995147 1.012682 1.011991 1.034233 1.050239 1.013932 1.022259 0.978101 1.017741 1.001712 1.040907 1.037445 1.042674 1.048882 1.043261 1.048030 1.045083 
1.008232 1.027737 1.020391 1.006465 1.013390 1.042551 1.042374 1.027475 1.048241 1.049499 1.036972 1.034479 1.039893 1.035587 1.029391 1.039929 1.040139 1.028679 
1.181595 1.203365 1.187310 1.193211 1.176298 1.183146 1.003694 0.986446 0.959620 0.995868 0.980005 1.021446 1.125904 1.121707 1.119479 1.125606 1.137445 1.139294 
1.004640 1.018578 1.001594 1.008093 1.019629 1.020574 1.084352 1.076525 1.156274 1.119721 1.141105 1.031849 1.016242 1.010566 1.009325 1.009092 0.997738 0.994276 
1.055515 1.058518 1.034245 1.058911 1.029893 1.016923 1.019162 1.013246 1.034260 1.029658 1.003629 0.924930 1.017275 1.020957 1.014897 1.016802 1.014803 1.020341 
0.996982 0.971339 0.972091 0.990950 0.975791 0.994172 1.040009 1.008696 0.981329 1.016586 1.021233 1.065012 0.968607 0.966835 0.968389 0.959956 0.963361 0.962722 
1.103140 1.108348 1.073053 1.070944 1.082639 1.038687 0.935898 0.950695 0.933559 0.927431 0.942400 1.003834 0.961514 0.961375 0.969411 0.963567 0.960369 0.970311 
1.153133 1.189375 1.162904 1.146432 1.285627 1.196585 1.018011 1.001624 1.006412 0.993836 0.997580 0.970679 1.102013 1.102282 1.106891 1.106012 1.116706 1.128682 
0.994783 1.008579 1.000301 0.991526 1.054376 1.000118 0.967882 0.995364 1.007003 0.973840 0.996219 0.988725 0.959962 0.961055 0.972573 0.961544 0.963838 0.977414 
0.984222 0.966460 1.004753 0.996805 1.015832 1.012686 1.070681 1.030388 1.026484 1.090594 1.078579 1.108503 1.050280 1.045168 1.048158 1.042156 1.042982 1.037186 
1.107165 1.102088 1.129494 1.086480 1.102327 1.126900 0.912999 0.936221 0.918026 0.919214 0.897787 0.905199 1.027095 1.028135 1.030026 1.038531 1.038135 1.033285 
0.985424 1.013751 0.974597 1.013243 0.985671 1.007980 0.932777 0.941687 0.915481 0.912973 0.925855 0.949169 1.002006 0.997606 0.996471 0.999469 1.007850 1.012531 
1.187614 1.130722 1.187227 1.122210 1.136193 1.151546 1.030196 1.033317 1.080665 1.038799 1.051757 0.966969 1.143089 1.152410 1.155867 1.156073 1.157619 1.146529 
1.033832 1.000749 1.057701 0.994348 1.000845 1.023954 0.999287 1.023768 1.022340 1.017524 1.021934 1.047810 1.030398 1.045623 1.035456 1.040007 1.052127 1.031541 
1.036994 1.017881 1.088417 1.041008 1.161495 1.165190 1.074537 0.997529 1.042352 1.035024 1.037563 0.990263 1.135151 1.128406 1.132712 1.136270 1.143449 1.141912 
1.020319 1.038307 1.012331 1.029487 1.009885 1.029218 1.000634 1.017947 1.007734 0.991275 0.997867 0.994837 1.000298 0.991464 0.992579 1.000382 0.994977 0.991490 
1.066904 1.039996 1.029644 1.040835 1.012880 1.046805 1.007088 0.979190 0.983153 1.005392 0.977527 0.978179 1.020965 1.013882 1.016658 1.017277 1.010449 1.008318 
1.006839 1.017181 1.020539 1.031935 1.021927 0.980589 1.103631 1.064687 1.038914 1.106041 1.097969 1.127458 1.057185 1.050892 1.046099 1.049211 1.049355 1.039429 
0.981917 0.921249 0.975722 0.926500 0.928106 0.933702 1.219106 1.135002 1.117311 1.280864 1.220776 1.262972 1.118598 1.121356 1.107910 1.107456 1.109691 1.065766 
1.133054 1.177726 1.185835 1.181848 1.439366 1.306993 1.079231 1.065565 1.057547 1.112491 1.107694 1.159668 1.248992 1.240579 1.256197 1.249763 1.267081 1.287199 
1.165302 1.127186 1.203237 1.167066 1.298385 1.288669 1.029993 1.006233 0.989646 1.038948 1.013863 1.005373 1.205933 1.203915 1.220416 1.217082 1.231631 1.242755 
1.040442 1.070249 1.053487 1.110405 1.092450 1.124162 0.977455 0.993667 0.999418 0.989633 0.979537 0.982378 1.070408 1.071184 1.062843 1.070830 1.083530 1.091093 
1.083128 1.073087 1.126529 1.094564 1.201560 1.210359 1.033447 1.039980 1.053006 1.041021 1.044097 1.016024 1.132400 1.131032 1.138087 1.142872 1.152029 1.157668 
1.041257 1.052111 1.037947 1.034637 1.080020 1.045194 1.014663 1.011317 0.989035 1.003258 0.988548 1.012893 1.003441 1.001991 1.010947 1.007442 1.007739 1.015549 
1.016304 1.000986 1.002113 1.009634 0.998767 1.009600 0.991041 1.003833 1.013181 1.017524 0.976839 0.984600 1.021089 1.018266 1.021013 1.023672 1.017729 1.018177 
0.956204 0.940316 0.965910 0.928124 0.929097 0.917514 0.965352 0.973372 0.954163 0.970798 0.949093 0.960137 0.953449 0.958307 0.959849 0.956672 0.958149 0.954467 
1.030236 1.005072 0.997009 0.996598 0.990333 0.999115 1.033412 1.028078 1.075457 1.046639 1.056278 1.030059 0.988349 0.990375 0.992802 0.988346 0.980614 0.979134 
0.997565 0.994719 1.010589 0.980367 1.002408 1.016728 1.025463 1.005621 0.995680 1.020237 1.008494 1.021769 1.019809 1.011726 1.015522 1.019471 1.016930 1.009227 
1.008106 1.005741 0.983425 0.979822 0.992090 0.937487 1.043724 1.018588 1.013671 1.012943 1.016703 1.008395 0.969569 0.973678 0.977351 0.970439 0.971420 0.974204 
1.031753 1.070516 1.050505 1.062997 1.077989 1.104572 1.005242 1.016860 1.007681 1.015146 1.021572 1.043748 1.075584 1.074870 1.068112 1.076850 1.083161 1.078079 
1.022320 1.031466 1.053928 1.068496 1.076065 1.098324 0.963040 1.004332 1.012108 0.955471 0.989032 0.925239 1.078820 1.084953 1.084136 1.086860 1.097105 1.103404 
1.012388 1.024275 0.988093 0.993782 0.989039 0.974429 1.007220 0.990133 0.948023 0.996754 0.974937 0.999946 0.994411 0.993151 0.997038 0.991615 0.989452 0.996548 
1.050404 1.043743 1.040555 1.033331 1.046747 1.024937 1.058113 1.040839 1.034847 1.044005 1.047031 1.044689 1.005115 1.001406 1.005925 0.998897 0.990341 0.991512 
1.153935 1.082113 1.154054 1.057562 1.093810 1.131030 1.008492 0.994542 1.011956 0.971455 0.979865 0.951659 1.102639 1.120266 1.121305 1.123597 1.131376 1.113722 
0.996011 1.016068 1.002398 1.027027 1.019171 1.027934 1.069962 1.118617 1.184924 1.151024 1.167280 1.128524 1.052337 1.048697 1.044855 1.046085 1.036861 1.031380 
1.010899 1.004635 0.983374 1.016745 1.007336 1.036332 1.054139 1.028568 1.039330 1.031914 1.023510 0.967888 0.994950 0.995266 0.996586 0.991974 0.988795 0.990996 
1.155578 1.218599 1.218330 1.232529 1.403778 1.405446 1.001733 0.986289 0.982171 0.990495 0.978255 0.980718 1.242418 1.228803 1.238196 1.249409 1.267826 1.296601 
0.977526 0.978262 0.954831 0.970805 0.960748 0.992877 1.109775 1.053416 1.053506 1.095584 1.074997 1.051567 1.013187 0.998106 0.997847 1.000992 0.991347 0.981914 
0.957456 0.959683 0.949498 0.962104 0.943387 0.961403 0.976363 1.012723 1.030974 1.009225 0.991769 0.909191 0.979784 0.979572 0.981019 0.983360 0.977787 0.980522 
1.045126 1.036887 1.067771 1.059941 1.063736 1.042761 1.039631 1.029286 1.012894 1.024303 1.030041 1.044522 1.076479 1.076039 1.073287 1.080453 1.090190 1.082363 
0.973286 0.967388 0.963867 0.966997 0.963042 0.989638 0.959050 0.951726 0.979919 0.948008 0.968762 0.948429 1.004279 0.999864 1.007317 1.002749 0.999943 1.009141 
0.966502 0.950184 0.998818 0.967947 0.964420 0.972057 1.099439 1.042079 1.048636 1.108888 1.086985 1.134242 1.035041 1.041677 1.027081 1.030495 1.041314 1.021364 
1.032872 1.037557 1.027093 1.028502 1.028511 1.017858 0.987138 1.003332 1.035180 0.972541 0.998521 0.985517 0.992199 0.993796 0.995149 0.995165 0.989823 0.992281 
1.030869 1.011580 1.033730 1.013422 1.012842 1.034311 1.021688 1.105798 1.235259 1.036852 1.133242 0.929851 1.038325 1.055914 1.051135 1.048510 1.044360 1.038926 
1.034209 1.063565 1.034990 1.053541 1.056413 1.046726 1.125561 1.128167 1.185564 1.154743 1.150320 1.048733 1.052905 1.041958 1.037813 1.047650 1.035948 1.025170 
0.994362 0.970109 0.985569 0.997054 1.013627 0.996973 1.043916 1.054199 1.074048 1.070328 1.064996 1.057894 1.034800 1.035962 1.038267 1.038813 1.025506 1.027430 
1.131549 1.129412 1.134751 1.114246 1.155097 1.178532 1.016169 1.024869 1.016768 1.022258 1.037727 1.042190 1.074435 1.074729 1.076459 1.077852 1.079962 1.074341 
0.967090 0.956751 0.952736 0.959337 0.968844 0.963423 0.972712 0.959453 0.982396 0.962629 0.979298 0.966229 0.965211 0.965023 0.970975 0.963391 0.960611 0.967558 
1.055691 1.023235 1.065867 1.041653 1.035737 1.061446 0.972294 0.967321 0.955614 0.963743 0.979545 1.026318 1.055904 1.067100 1.060637 1.059997 1.073730 1.062125 
1.023820 1.069825 1.035306 1.104324 1.070764 1.107793 1.061016 1.057959 1.088704 1.063863 1.101192 1.102401 1.071548 1.071190 1.057930 1.063791 1.070661 1.068169 
0.981234 0.995108 0.999382 1.004435 1.007143 1.014070 1.029111 0.993225 0.981314 1.015397 0.990005 0.998141 1.008105 1.004388 0.998273 1.005664 1.006100 1.005994 
1.053750 1.030050 1.046261 1.018552 1.011307 1.046799 1.043354 1.024190 0.999599 1.058128 1.024017 1.096176 1.036420 1.036873 1.037218 1.041942 1.038989 1.033252 
1.041257 1.023177 1.037970 1.051432 1.091987 1.074044 0.986039 0.984063 1.000940 0.987397 0.990559 0.963043 1.056847 1.052786 1.063375 1.055882 1.058333 1.073913 
1.023092 1.011250 1.035162 1.004756 1.049885 1.087388 0.996160 0.996616 0.976817 1.014955 0.981572 1.028608 1.039691 1.035172 1.038415 1.050169 1.046202 1.040368 
1.017308 0.996190 1.034444 1.009553 1.025259 1.039198 1.019281 1.043797 1.067863 1.016006 1.057822 1.023899 1.028945 1.038475 1.036782 1.035388 1.036708 1.030198 
0.894865 0.881027 0.899132 0.909968 0.908033 0.921881 1.014801 1.067116 1.123020 1.056363 1.078355 1.011604 0.963482 0.971217 0.970373 0.965768 0.958314 0.956971 
0.943257 0.962282 0.954277 0.957544 0.979223 0.985939 0.975546 1.010779 0.994347 0.989305 0.986571 1.006667 1.014146 1.018956 1.014020 1.019029 1.023007 1.019168 
1.060074 1.071736 1.050164 1.076614 1.064869 1.139404 1.024192 1.098835 1.172815 1.071557 1.098818 1.004827 1.070247 1.079792 1.070263 1.073906 1.071155 1.064985 
1.092799 1.095301 1.075467 1.079844 1.075423 1.086072 0.977573 0.974582 0.964479 0.994710 0.973355 1.015649 1.029262 1.031898 1.029238 1.029631 1.032056 1.037250 
1.141575 1.240923 1.144078 1.219607 1.173230 1.288196 1.064012 1.073700 1.072781 1.065138 1.088584 1.111583 1.194394 1.176413 1.162445 1.190080 1.193452 1.185951 
1.103148 1.086108 1.091200 1.071370 1.114947 1.110322 1.026689 1.091871 1.144501 1.069846 1.115909 1.082398 1.072936 1.082438 1.083603 1.080701 1.080167 1.071571 
1.053721 1.118007 1.059763 1.085341 1.080238 1.126133 1.010353 1.026148 1.029741 1.012527 1.015892 0.982086 1.066689 1.057275 1.046446 1.063774 1.065251 1.059950 
1.091799 1.052892 1.094881 1.072907 1.095354 1.121531 1.185863 1.122777 1.143879 1.159949 1.177599 1.105195 1.143477 1.127997 1.135390 1.137788 1.127709 1.117555 
1.023551 1.012742 1.047854 1.009686 1.043372 1.013814 1.054061 1.027501 1.043926 1.033982 1.040247 0.973994 1.048224 1.043548 1.043899 1.050605 1.047780 1.039126 
1.158840 1.137879 1.163988 1.105226 1.119568 1.123436 1.065507 1.037501 1.002342 1.043722 1.027992 1.086977 1.116379 1.122882 1.116994 1.126199 1.131380 1.112749 
1.099587 1.115983 1.115807 1.134168 1.097030 1.086376 0.955222 0.973731 0.996367 0.975488 0.976125 0.952789 1.082014 1.096661 1.083245 1.091020 1.103417 1.095573 
1.020741 1.036075 1.023450 1.028306 1.071057 1.070056 1.058134 1.017512 1.055038 1.049491 1.056865 1.077210 1.038594 1.029482 1.031974 1.030025 1.030771 1.035042 
1.009865 0.985300 0.985884 1.011847 0.972344 1.009069 0.989625 1.050355 1.069378 1.035911 1.044321 1.025304 1.032870 1.041943 1.036178 1.037358 1.035103 1.027688 
1.014639 1.038648 1.012135 1.025878 1.041071 1.021793 1.016444 0.996074 0.974191 0.980181 0.964734 0.965697 0.977871 0.969076 0.976181 0.977268 0.972607 0.982553 
0.982656 1.013257 0.988600 0.998054 0.992367 1.001071 1.131467 1.078878 1.074268 1.152241 1.155504 1.204873 1.024663 1.009220 1.007862 1.005828 1.001790 0.993209 
1.071967 1.062552 1.081942 1.063770 1.048892 1.067063 1.008703 1.001200 1.007521 0.996690 1.011515 1.004390 1.048474 1.049709 1.049236 1.050942 1.058506 1.056650 
1.094985 1.103325 1.108626 1.086001 1.147144 1.089153 1.010154 0.988913 1.001911 0.997204 0.996339 1.026726 1.055588 1.057899 1.058191 1.060211 1.059878 1.062287 
1.013042 1.023959 1.009976 1.009027 1.019444 1.029775 0.950195 0.934266 0.908035 0.929117 0.908029 0.938987 1.006810 1.001327 1.005024 1.006681 1.006451 1.013727 
1.088020 1.020558 1.132760 1.043549 1.116748 1.121764 1.031672 1.047101 1.037605 1.039344 1.040424 1.028475 1.145618 1.164167 1.159696 1.166430 1.182399 1.162343 
1.075314 0.997881 1.075767 1.026809 1.034186 1.033151 1.022731 1.013398 1.046239 1.013256 1.028153 0.991342 1.074076 1.086510 1.088123 1.081613 1.083788 1.079288 
1.042677 1.063559 1.033974 1.055598 1.076773 1.069401 1.043276 1.043619 1.037711 1.063708 1.036614 1.046001 1.061363 1.056642 1.052766 1.061093 1.060353 1.057705 
1.078003 1.072941 1.089788 1.069749 1.076935 1.111834 1.024738 1.007288 0.995963 1.030723 1.020072 1.035522 1.120844 1.110110 1.115984 1.123049 1.115173 1.114041 
0.968302 0.981525 0.998832 0.998496 1.048639 1.043425 0.997645 1.023549 1.020285 1.009604 1.034352 1.053721 1.008088 1.005280 1.009433 1.009474 1.013580 1.018146 
1.070998 1.054978 1.072659 1.071934 1.097653 1.098222 1.003438 1.021919 1.022783 1.001245 1.047860 1.080085 1.094871 1.102573 1.101305 1.100539 1.108373 1.111174 
1.022182 1.063097 1.027743 1.047234 1.031457 1.049279 1.166369 1.087027 1.076237 1.161209 1.143019 1.178533 1.088565 1.074247 1.063488 1.073950 1.075734 1.061144 
0.941097 0.950987 0.941825 0.941793 0.946583 0.933200 1.072582 1.085330 1.173973 1.109270 1.092510 1.008601 1.002919 1.004574 0.997401 1.009661 0.994883 0.986329 
1.002360 0.976139 0.977411 0.971632 0.963513 0.955940 1.003676 1.025611 1.006827 0.998922 1.008700 1.010925 0.973954 0.980647 0.982370 0.973852 0.972033 0.968290 
1.045089 1.034818 1.030582 1.054795 1.031898 1.035227 0.946967 0.928773 0.925809 0.932573 0.927158 0.912041 0.969860 0.963504 0.971268 0.966557 0.964625 0.979078 
1.101282 1.073640 1.121471 1.064854 1.109264 1.122858 1.046867 1.003642 1.020247 1.057201 1.044452 1.076850 1.115773 1.121438 1.117930 1.116740 1.131167 1.118143 
1.053523 1.021077 1.051736 1.049802 1.061506 1.056993 1.014178 1.005803 0.978313 0.991246 1.004010 1.008404 1.034571 1.036107 1.046264 1.034073 1.036051 1.047340 
1.282538 1.171528 1.268651 1.176234 1.192781 1.234806 0.958265 1.004490 1.016708 0.965303 0.999890 0.956667 1.168475 1.198915 1.205679 1.192592 1.202132 1.196622 
0.935741 0.920707 0.947447 0.941363 0.936740 0.895233 1.049298 1.037375 1.039137 1.075698 1.046262 1.070412 0.979529 0.977016 0.978954 0.972020 0.972883 0.968940 
1.114159 1.074844 1.135474 1.079916 1.125018 1.139576 0.979816 0.968633 0.943144 0.982250 0.975654 1.023539 1.089275 1.097580 1.098586 1.097343 1.110998 1.103074 
0.966539 0.964376 0.963161 0.971006 0.982361 0.967417 0.970640 0.958257 0.938410 0.949602 0.943164 0.937540 0.991795 0.992351 0.997089 0.992734 0.997160 1.003508 
1.138153 1.074951 1.115833 1.071313 1.078226 1.079161 1.019543 0.997405 1.045679 0.999500 1.019265 1.047767 1.063583 1.074193 1.078458 1.069969 1.070625 1.066427 
