1.000000000000000 0.999514859544157 0.998479941480943 0.999803476120288 0.999358608396501 0.997456606512019 0.668710830750554 0.705537494020267 0.729452076092172 0.764997495643313 0.504555123433739 0.640095989593926 0.984769200879614 0.987676779405858 0.985708630574304 0.988053633317589 0.991849252575982 0.999755401027861 
0.999514859544157 1.000000000000000 0.999523792145410 0.999024317150149 0.999958691972192 0.996833481264594 0.668977847654248 0.700393077673253 0.725817456781011 0.756336034633734 0.494936297257787 0.623913375785173 0.984263002906347 0.986731569979200 0.985792674200795 0.987550012389241 0.991027742839659 0.999747624084224 
0.998479941480943 0.999523792145410 1.000000000000000 0.997382800936993 0.999340245716327 0.993935402808322 0.687284178452906 0.714262730786659 0.740140627372999 0.765495020158328 0.509333186457179 0.628550160152992 0.987591874574872 0.989351922850825 0.989300456607830 0.990381967393755 0.992992098803553 0.999387922061603 
0.999803476120288 0.999024317150149 0.997382800936993 1.000000000000000 0.998978050232642 0.998542755836249 0.655444078930843 0.694797955266725 0.718522378548737 0.757138369915794 0.493192725278710 0.634760554956197 0.981553690560957 0.984908418456282 0.982424962964019 0.985180574432597 0.989544710914568 0.999136237147883 
0.999358608396501 0.999958691972192 0.999340245716327 0.998978050232642 1.000000000000000 0.997251998358610 0.662769708249909 0.693968960028983 0.719701190693521 0.750363729227070 0.487026049072976 0.617158286757521 0.982661645725218 0.985228061331297 0.984314069292704 0.986112727944429 0.989778039758649 0.999515458709300 
0.997456606512019 0.996833481264593 0.993935402808322 0.998542755836249 0.997251998358610 1.000000000000000 0.614051147078536 0.655227655657011 0.679988710384895 0.722523675659493 0.447052426871515 0.599845757791271 0.969900609788783 0.974149295550513 0.971206377567598 0.974581442576456 0.980344889399248 0.996009650828388 
0.668710830750554 0.668977847654248 0.687284178452906 0.655444078930843 0.662769708249909 0.614051147078536 1.000000000000000 0.982997042789162 0.988155043646047 0.942406201508044 0.933163632750777 0.845715677485937 0.787738334399027 0.775981962735128 0.783988167445722 0.775253090553094 0.757410374328840 0.680692154148225 
0.705537494020267 0.700393077673253 0.714262730786660 0.694797955266725 0.693968960028983 0.655227655657011 0.982997042789162 1.000000000000000 0.998395784630032 0.986422495821160 0.962123181789953 0.927880689410422 0.815193758090142 0.806909882773045 0.808522692277492 0.803825353671786 0.789280731740084 0.714033614781079 
0.729452076092172 0.725817456781011 0.740140627372999 0.718522378548737 0.719701190693521 0.679988710384895 0.988155043646047 0.998395784630033 1.000000000000000 0.982434785150997 0.946682385064408 0.909196873614041 0.835948288827856 0.827333619766281 0.830327005601429 0.824977584081660 0.810457840923168 0.738438487956403 
0.764997495643313 0.756336034633734 0.765495020158328 0.757138369915794 0.750363729227070 0.722523675659493 0.942406201508044 0.986422495821160 0.982434785150997 1.000000000000000 0.940666801631745 0.962504757178795 0.855552285558733 0.850917025084862 0.847483927783228 0.846443357218652 0.836119424048007 0.770084501761304 
0.504555123433739 0.494936297257787 0.509333186457179 0.493192725278710 0.487026049072976 0.447052426871515 0.933163632750777 0.962123181789953 0.946682385064409 0.940666801631745 1.000000000000000 0.941610387317681 0.637839788664555 0.628909891103048 0.627446670319701 0.623469832081537 0.606459857203357 0.512725389466244 
0.640095989593926 0.623913375785173 0.628550160152992 0.634760554956196 0.617158286757521 0.599845757791271 0.845715677485937 0.927880689410422 0.909196873614041 0.962504757178795 0.941610387317681 1.000000000000000 0.730776672496089 0.729406262934310 0.718047456697051 0.721452036446676 0.713436459126794 0.641300120069790 
0.984769200879614 0.984263002906347 0.987591874574872 0.981553690560957 0.982661645725217 0.969900609788783 0.787738334399027 0.815193758090142 0.835948288827856 0.855552285558733 0.637839788664555 0.730776672496089 1.000000000000000 0.999733737957812 0.999799388512809 0.999799450668110 0.998824208293028 0.987287139180898 
0.987676779405858 0.986731569979201 0.989351922850825 0.984908418456281 0.985228061331297 0.974149295550513 0.775981962735128 0.806909882773045 0.827333619766281 0.850917025084862 0.628909891103048 0.729406262934310 0.999733737957812 1.000000000000000 0.999384609430659 0.999897920167499 0.999567188851071 0.989690471788550 
0.985708630574304 0.985792674200795 0.989300456607830 0.982424962964019 0.984314069292704 0.971206377567598 0.783988167445721 0.808522692277492 0.830327005601429 0.847483927783228 0.627446670319701 0.718047456697051 0.999799388512809 0.999384609430659 1.000000000000000 0.999730410654353 0.998739435931373 0.988415279898683 
0.988053633317589 0.987550012389241 0.990381967393755 0.985180574432597 0.986112727944429 0.974581442576456 0.775253090553094 0.803825353671786 0.824977584081659 0.846443357218652 0.623469832081537 0.721452036446676 0.999799450668110 0.999897920167499 0.999730410654353 1.000000000000000 0.999572452770123 0.990257751671006 
0.991849252575982 0.991027742839660 0.992992098803553 0.989544710914568 0.989778039758649 0.980344889399248 0.757410374328840 0.789280731740084 0.810457840923168 0.836119424048007 0.606459857203357 0.713436459126794 0.998824208293028 0.999567188851071 0.998739435931373 0.999572452770123 1.000000000000000 0.993463786997044 
0.999755401027861 0.999747624084225 0.999387922061603 0.999136237147883 0.999515458709300 0.996009650828388 0.680692154148225 0.714033614781079 0.738438487956403 0.770084501761304 0.512725389466244 0.641300120069791 0.987287139180898 0.989690471788550 0.988415279898683 0.990257751671006 0.993463786997044 1.000000000000000 
