0.948261 0.943586 0.943270 0.947251 0.939197 0.947909 0.960987 0.966978 0.959583 0.969405 0.970765 0.978290 0.950382 0.949609 0.948608 0.949187 0.949503 0.944144 
1.036229 1.034684 1.034698 1.039802 1.037968 1.049218 1.017888 1.021414 1.027075 1.031041 1.008626 1.021621 1.038441 1.034153 1.035674 1.033633 1.034992 1.037724 
0.957593 0.952507 0.957795 0.954765 0.947930 0.957344 0.972667 0.969294 0.971976 0.970004 0.976681 0.982065 0.961284 0.960595 0.960108 0.960968 0.963362 0.962390 
0.988764 0.990684 0.992649 0.985403 0.988065 0.979740 1.001659 0.993497 0.994378 0.983502 0.983402 0.974352 0.985497 0.987064 0.988383 0.988440 0.986699 0.984920 
0.977448 0.964931 0.978130 0.978052 0.970893 0.989902 0.937376 0.950231 0.949231 0.951601 0.932628 0.974355 0.967590 0.966326 0.968220 0.968518 0.972581 0.979527 
0.929172 0.922590 0.942522 0.931516 0.927921 0.930980 1.001852 0.989840 0.988205 0.981739 1.000213 0.985235 0.953143 0.949357 0.954165 0.952095 0.950788 0.944973 
0.980870 0.976870 0.983217 0.983555 0.979567 0.979343 0.979003 0.974068 0.973714 0.978932 0.986102 0.983934 0.978962 0.979546 0.979689 0.980222 0.980872 0.982172 
0.984670 0.982821 0.977375 0.978951 0.975929 0.975314 0.966344 0.967334 0.971104 0.966419 0.973317 0.973112 0.970976 0.974923 0.970838 0.973658 0.975350 0.976498 
0.997289 1.003418 0.999541 1.001975 1.004190 1.001784 1.011967 1.011469 1.007699 1.015711 1.023457 1.020782 1.007519 1.007158 1.006980 1.006881 1.006136 1.005016 
1.037508 1.036066 1.030131 1.032897 1.030025 1.036603 1.005500 1.007358 1.006708 1.005965 0.996986 1.010987 1.025745 1.025654 1.025026 1.025742 1.027703 1.030621 
1.056060 1.045025 1.066324 1.060937 1.053904 1.065502 1.032941 1.024217 1.032024 1.026650 1.008686 1.021588 1.049160 1.047357 1.049795 1.049254 1.052229 1.056666 
1.011078 1.011262 1.003817 1.007617 1.007792 1.007220 0.986844 0.988988 0.994168 0.990471 0.986816 0.992686 1.002952 1.002987 1.002935 1.003065 1.003513 1.008307 
0.984185 0.970096 0.986347 0.983635 0.968681 0.985784 0.978143 0.982895 0.982019 0.978507 0.979448 1.005232 0.976226 0.977110 0.976128 0.978223 0.982696 0.980907 
1.037515 1.033305 1.040191 1.045854 1.044144 1.053976 0.980742 0.982340 0.980698 0.995731 0.965201 0.992810 1.031674 1.027816 1.030470 1.028739 1.031187 1.039446 
1.024563 1.028471 1.026391 1.025901 1.031001 1.025748 1.013425 1.013911 1.017811 1.018015 1.014020 1.013023 1.021991 1.023508 1.022888 1.023032 1.022638 1.025460 
0.949118 0.948566 0.950630 0.941984 0.943009 0.941334 0.991680 0.983159 0.978358 0.973115 0.983994 0.975754 0.957245 0.956555 0.959294 0.958452 0.956621 0.951400 
0.959139 0.955525 0.959528 0.953141 0.952200 0.945196 1.002181 0.994541 0.993309 0.984260 1.002502 0.986904 0.963910 0.964173 0.965097 0.964954 0.963716 0.958511 
0.981316 0.991421 0.983227 0.987939 0.996230 0.985705 1.037613 1.035103 1.028351 1.044473 1.049138 1.022283 1.007584 1.003440 1.006092 1.002284 0.997070 0.990259 
1.004176 1.006837 0.996927 1.002580 1.004763 1.007305 0.968189 0.980600 0.980271 0.986536 0.985823 0.989778 1.000172 1.001666 0.999029 1.000204 1.000001 1.003208 
0.967404 0.963867 0.964378 0.963321 0.962636 0.963763 0.970717 0.971884 0.968725 0.970484 0.975846 0.972472 0.962426 0.963902 0.963508 0.964083 0.963666 0.963499 
0.938580 0.946587 0.931489 0.938369 0.947046 0.935194 0.953152 0.967231 0.960680 0.967199 0.973427 0.964453 0.945505 0.946458 0.945873 0.945101 0.940343 0.936840 
1.022516 1.021122 1.015718 1.023286 1.022381 1.029175 0.977194 0.979388 0.978378 0.985140 0.955900 0.975301 1.013416 1.010103 1.011949 1.010029 1.010559 1.015392 
0.997987 1.003493 0.997811 1.003788 1.007417 1.002029 1.003283 1.001052 1.004462 1.006121 0.999727 0.989171 1.005586 1.002648 1.003268 1.001012 0.999734 0.997849 
0.961025 0.965202 0.968435 0.959218 0.964068 0.958257 0.972879 0.960439 0.965450 0.951113 0.959842 0.949746 0.959886 0.961716 0.962430 0.962678 0.963152 0.965409 
0.979683 0.968766 0.995009 0.985714 0.974831 0.989086 0.965495 0.958011 0.960280 0.956484 0.951234 0.970017 0.974392 0.974386 0.976119 0.977341 0.981768 0.985999 
1.033053 1.038207 1.029927 1.033896 1.036677 1.030564 1.061666 1.062705 1.056683 1.063902 1.069196 1.057552 1.044572 1.042474 1.042257 1.041193 1.039114 1.033091 
1.044758 1.043055 1.040259 1.041791 1.048054 1.042817 1.023642 1.035745 1.038735 1.048866 1.035002 1.039281 1.041293 1.042946 1.040874 1.041554 1.039569 1.040762 
1.025063 1.018112 1.026117 1.028529 1.025113 1.029971 1.002851 1.006815 1.013986 1.008661 1.004029 1.013289 1.018812 1.018216 1.018298 1.018310 1.020977 1.026305 
0.981830 0.985980 0.978523 0.975525 0.977186 0.978694 0.957320 0.959363 0.953711 0.959913 0.969549 0.973113 0.970582 0.976175 0.974018 0.977140 0.976822 0.981069 
0.961358 0.958714 0.961920 0.959239 0.956859 0.955771 0.995899 0.991821 0.994019 0.992245 1.005625 0.995622 0.970829 0.970316 0.970817 0.970605 0.969720 0.966060 
0.995622 0.994864 0.998243 0.993368 0.992849 0.985416 0.990781 0.985011 0.984391 0.981181 0.984627 0.981999 0.986425 0.989680 0.989062 0.990547 0.990566 0.991635 
1.033081 1.040309 1.025258 1.032160 1.041030 1.031669 1.038509 1.036284 1.035676 1.044577 1.044460 1.024030 1.036667 1.035652 1.034757 1.033242 1.030542 1.029831 
1.075747 1.078993 1.078173 1.079327 1.084264 1.089772 1.031093 1.026260 1.029447 1.023661 1.002790 1.010033 1.071662 1.068168 1.072210 1.069566 1.069635 1.077620 
0.984517 0.992822 0.991640 0.993581 1.000688 0.989528 0.969194 0.971868 0.973178 0.981290 0.972916 0.974901 0.984226 0.986405 0.986357 0.986364 0.984991 0.989668 
0.968296 0.967117 0.967187 0.964784 0.961401 0.958787 1.006341 1.008478 1.008403 1.002861 1.013235 1.010803 0.976024 0.975565 0.975378 0.975701 0.975432 0.968804 
0.991726 0.987231 0.992009 0.990775 0.990229 0.989269 1.017665 1.010577 1.013063 1.007153 1.017908 1.005249 0.998663 0.996972 0.998537 0.997339 0.996306 0.993816 
0.922555 0.924309 0.920012 0.915655 0.916471 0.908362 0.963768 0.968572 0.967126 0.958838 0.983004 0.971706 0.924587 0.928873 0.926371 0.928631 0.926733 0.920841 
1.040602 1.041144 1.033128 1.036378 1.035361 1.036790 1.004350 1.006491 1.012158 1.003488 1.008288 1.010023 1.029489 1.031970 1.029115 1.031063 1.032077 1.036118 
0.994949 0.993924 0.995247 0.996328 0.998673 1.002619 0.961230 0.970916 0.970069 0.976223 0.967007 0.986355 0.984206 0.988018 0.986648 0.987999 0.988765 0.995482 
1.004297 0.997784 1.001926 1.000845 0.996710 1.001160 0.996556 0.995890 1.001263 0.988385 0.992447 0.994928 0.997289 0.997804 0.996320 0.997571 0.999500 1.000163 
0.940286 0.940726 0.944443 0.937244 0.937542 0.932235 0.992376 0.986017 0.988869 0.974649 0.999643 0.981243 0.953317 0.953029 0.953252 0.953612 0.952804 0.947103 
0.984908 0.984934 0.982057 0.985209 0.987123 0.984374 0.988540 0.996897 0.998952 1.003917 1.008214 1.010593 0.989009 0.989506 0.988539 0.989033 0.988067 0.988414 
0.946555 0.946431 0.945052 0.942353 0.947744 0.928831 0.932037 0.940088 0.942506 0.944860 0.962356 0.951906 0.935904 0.943701 0.938498 0.942669 0.941586 0.943965 
0.989279 0.987856 0.992423 0.990882 0.986711 0.980144 1.040430 1.040056 1.036011 1.043605 1.059606 1.049670 1.001648 1.002548 1.000725 1.001798 1.000790 0.991168 
1.015949 1.024348 1.017376 1.020079 1.026082 1.021230 1.007945 1.008523 1.005960 1.008960 1.006685 1.005883 1.021737 1.019815 1.021670 1.020377 1.019162 1.022299 
0.964430 0.957721 0.962054 0.956266 0.956703 0.952572 0.971367 0.971196 0.974064 0.970083 0.987714 0.987729 0.960621 0.964604 0.962464 0.965185 0.965576 0.967074 
1.041807 1.047736 1.037855 1.039367 1.047657 1.036690 1.020956 1.031455 1.030444 1.032413 1.035461 1.032658 1.037217 1.040080 1.037747 1.039141 1.037680 1.039898 
1.014764 1.015303 1.005134 1.010905 1.015652 1.012416 1.003953 1.013384 1.016635 1.022152 1.014215 1.011233 1.013141 1.013978 1.010437 1.010710 1.009374 1.007211 
0.981398 0.981456 0.983117 0.980220 0.978287 0.983261 1.008331 0.998671 0.998849 0.997426 0.992561 0.992657 0.988289 0.985761 0.987971 0.986400 0.986516 0.983821 
0.995538 0.994270 0.994464 0.997033 0.996603 0.998483 0.997819 1.000661 0.999689 1.007297 1.002508 1.004937 1.001262 0.999986 1.000632 0.999792 0.998574 0.997375 
0.979319 0.973755 0.990710 0.984791 0.978242 0.988608 0.977152 0.970607 0.961781 0.966611 0.968922 0.976520 0.980547 0.979537 0.982281 0.982081 0.984126 0.985008 
0.965234 0.962978 0.964779 0.966749 0.958614 0.963513 0.988236 0.996007 0.986788 0.998351 0.999726 1.007486 0.969552 0.969511 0.968441 0.969308 0.969890 0.963098 
1.022426 1.021244 1.017183 1.016724 1.018758 1.016552 1.024904 1.023116 1.027115 1.023087 1.019480 1.012997 1.022949 1.021813 1.021607 1.021089 1.020412 1.019196 
1.008650 1.003454 1.010494 1.005860 1.004898 1.014123 1.005985 1.011121 1.006789 1.005584 1.004071 1.020164 1.007747 1.007245 1.009241 1.009059 1.010504 1.012835 
0.938899 0.931099 0.951957 0.938556 0.931334 0.931915 1.004510 0.986640 0.981672 0.977956 1.003934 0.989979 0.954767 0.953319 0.957115 0.956891 0.956690 0.950916 
0.949626 0.946770 0.956808 0.947597 0.947122 0.940227 1.001098 0.987856 0.993213 0.981518 1.004644 0.986311 0.962570 0.962120 0.962622 0.962627 0.962931 0.958015 
1.023517 1.018777 1.030555 1.024391 1.018773 1.029468 1.044887 1.029881 1.027595 1.019031 1.014946 1.016623 1.026276 1.022787 1.026848 1.024880 1.026229 1.024538 
1.016710 1.011669 1.013337 1.015976 1.009299 1.027414 0.965202 0.967361 0.972919 0.970838 0.952451 0.979956 0.998592 0.999581 0.998705 0.999820 1.004523 1.013453 
0.968980 0.960506 0.982172 0.970606 0.962029 0.973638 0.988837 0.977838 0.976679 0.967633 0.979990 0.984819 0.969145 0.970194 0.971803 0.972892 0.975974 0.975722 
0.973261 0.972337 0.970551 0.967608 0.970219 0.958733 1.002814 1.007229 1.005234 1.000187 1.022275 1.009476 0.975659 0.978273 0.975962 0.977841 0.976701 0.972146 
1.036707 1.040633 1.032961 1.034776 1.037897 1.037781 0.999641 1.002646 1.001914 1.008058 0.997041 1.003390 1.023981 1.026884 1.025286 1.026372 1.026621 1.031789 
1.009775 1.011356 1.009813 1.015236 1.013342 1.018654 0.958613 0.962092 0.955648 0.972820 0.961381 0.985932 1.000805 1.000724 1.000854 1.001681 1.004534 1.012294 
1.020322 1.021160 1.021584 1.025217 1.024989 1.024014 1.014582 1.021298 1.019931 1.025440 1.025785 1.029111 1.024908 1.024579 1.024379 1.024686 1.023535 1.023676 
0.994083 0.992444 0.999591 0.999257 0.997902 0.997688 0.978404 0.980623 0.978677 0.977103 0.972764 0.985305 0.992537 0.991467 0.993454 0.993164 0.993951 0.996400 
0.991551 0.995242 0.987374 0.989656 0.994851 0.985361 0.988175 0.989153 0.987449 0.993873 0.991483 0.988767 0.988590 0.990595 0.988831 0.989436 0.988075 0.988586 
1.023281 1.029046 1.026621 1.024678 1.035796 1.031388 1.043152 1.039207 1.033082 1.041348 1.030849 1.019296 1.035981 1.032446 1.036218 1.032584 1.029204 1.027374 
1.035665 1.029136 1.036192 1.036978 1.028304 1.047608 1.043346 1.044403 1.033926 1.043004 1.034270 1.047923 1.042146 1.037683 1.041023 1.039037 1.039885 1.037532 
1.027852 1.024696 1.019749 1.022578 1.021209 1.027518 0.985991 0.992737 0.993489 1.003063 0.986151 1.003564 1.011650 1.013912 1.011619 1.013218 1.014955 1.020016 
0.964485 0.960102 0.965330 0.963441 0.961325 0.966485 0.937248 0.939202 0.939476 0.947423 0.945385 0.965654 0.956888 0.958381 0.956665 0.959134 0.962854 0.968431 
1.000478 1.004615 0.990168 0.996368 0.997816 0.988242 0.984102 0.989524 0.994218 0.992777 0.999681 0.989743 0.989347 0.993929 0.988609 0.991050 0.990427 0.989692 
1.033514 1.044339 1.024494 1.033040 1.041112 1.027349 1.003944 1.009508 1.019959 1.016705 1.011079 1.006842 1.026308 1.027970 1.024794 1.025395 1.024571 1.028033 
0.957658 0.958603 0.962629 0.959229 0.957129 0.971843 0.968116 0.968296 0.953017 0.975080 0.958486 0.968109 0.969270 0.965494 0.969364 0.967281 0.965948 0.962474 
1.020661 1.026175 1.016278 1.019308 1.022039 1.013076 0.995589 0.999356 0.998908 0.996423 0.992946 0.992500 1.006862 1.010814 1.008237 1.009626 1.008825 1.009756 
0.977462 0.975202 0.964016 0.973599 0.972873 0.964435 0.960281 0.978466 0.975906 0.988338 0.995271 1.002482 0.971375 0.973768 0.968944 0.971335 0.971425 0.970054 
0.990382 0.985784 0.998039 0.989099 0.990153 1.000655 0.968242 0.961569 0.966269 0.959397 0.958589 0.964436 0.991120 0.990657 0.993864 0.993572 0.994335 1.002402 
0.973865 0.968638 0.980972 0.981454 0.968493 0.988430 1.005018 1.002748 0.993891 1.001361 1.003151 1.010674 0.987453 0.983117 0.984822 0.983794 0.986124 0.979366 
1.041681 1.042009 1.040979 1.041241 1.040002 1.047512 1.021592 1.024239 1.023333 1.019384 1.009163 1.021632 1.037764 1.036891 1.037737 1.037442 1.038464 1.040824 
1.046158 1.052339 1.045336 1.050619 1.059904 1.051473 1.007984 1.009924 1.017203 1.014070 1.002495 1.002241 1.041162 1.041207 1.041874 1.040799 1.039333 1.047210 
0.986353 0.982816 0.989915 0.987432 0.985598 0.984877 0.984198 0.979069 0.985864 0.976966 0.975668 0.974065 0.983835 0.983891 0.984188 0.984366 0.984968 0.986475 
0.972359 0.976160 0.973498 0.970425 0.974254 0.955848 1.054466 1.049839 1.050075 1.035685 1.062885 1.026319 0.992624 0.991109 0.991765 0.990086 0.985847 0.973042 
0.964197 0.957032 0.958972 0.961366 0.952389 0.952109 0.971674 0.972226 0.971582 0.977931 0.988509 0.990175 0.955135 0.958488 0.953848 0.956908 0.959322 0.955084 
0.945323 0.948674 0.946147 0.943080 0.950906 0.939626 0.945034 0.953236 0.955060 0.950116 0.957417 0.949365 0.946819 0.949493 0.948940 0.949666 0.947145 0.948742 
1.013119 1.014773 1.006502 1.007741 1.015593 1.003290 1.013668 1.016338 1.018464 1.020297 1.015649 1.006466 1.009020 1.010766 1.008399 1.008451 1.006626 1.004881 
0.937629 0.932875 0.936379 0.934549 0.933226 0.938871 0.954345 0.964672 0.960225 0.967738 0.973861 0.978945 0.943842 0.945034 0.943558 0.944653 0.944362 0.941216 
1.064660 1.067155 1.060578 1.059287 1.062905 1.058200 1.046069 1.040806 1.042521 1.034226 1.032763 1.027954 1.052085 1.054008 1.053607 1.054068 1.054200 1.058324 
1.006806 1.006238 1.004887 1.006453 1.007705 1.003293 1.001011 1.000363 0.997430 1.004123 1.002623 1.001705 1.002425 1.003264 1.003260 1.003219 1.002779 1.004078 
0.986438 0.987221 0.997020 0.984977 0.990378 0.977233 0.997006 0.984549 0.986134 0.981621 0.995211 0.974257 0.984648 0.988716 0.989581 0.990699 0.988326 0.990539 
0.957483 0.957429 0.953508 0.954697 0.951661 0.937236 0.938447 0.943357 0.946261 0.945417 0.956877 0.958015 0.934578 0.943348 0.937322 0.942282 0.943453 0.944044 
0.963749 0.961223 0.959984 0.957801 0.961820 0.944878 0.968980 0.973744 0.974514 0.977132 1.000282 0.987670 0.958163 0.964451 0.959697 0.963418 0.962179 0.961422 
0.979304 0.980253 0.981890 0.989639 0.984496 0.993642 0.969607 0.979201 0.976602 0.988469 0.975665 0.994561 0.981775 0.980322 0.979677 0.979331 0.981468 0.981737 
1.012744 1.005533 1.012453 1.016114 1.009766 1.016651 0.995655 1.001900 1.002800 1.014259 1.006828 1.020575 1.007635 1.008528 1.006149 1.007616 1.009717 1.010453 
1.052743 1.058759 1.061226 1.056795 1.066346 1.054895 1.039843 1.025887 1.030231 1.023880 1.029067 1.012848 1.056816 1.055947 1.059418 1.057785 1.055887 1.062572 
0.994586 0.988566 0.992672 0.995216 0.984531 0.994994 1.038071 1.040591 1.039146 1.034447 1.045816 1.049967 1.001597 0.999391 0.998913 0.998773 1.001414 0.993582 
0.984196 0.981874 0.980277 0.979983 0.973411 0.978837 0.993981 1.003966 0.999125 1.005246 1.016505 1.024006 0.983854 0.986300 0.983167 0.985893 0.987212 0.982793 
0.969698 0.971913 0.968375 0.967170 0.967434 0.958943 1.017275 1.017120 1.012458 1.014305 1.043224 1.020872 0.982509 0.983385 0.981285 0.982559 0.980728 0.972986 
0.950179 0.947744 0.947280 0.939807 0.942056 0.929315 0.983901 0.977741 0.986458 0.965783 0.993042 0.966804 0.950121 0.953486 0.950411 0.952694 0.951682 0.947702 
1.001749 1.000931 1.007659 1.002676 1.002020 1.003176 0.991637 0.989061 0.985134 0.993007 0.986509 0.998562 0.998398 0.999913 0.999902 1.000908 1.002504 1.004463 
0.999896 0.993581 1.005847 0.996915 0.994409 0.991837 1.071590 1.060247 1.054516 1.046910 1.056466 1.038478 1.016281 1.011947 1.016413 1.013514 1.011501 1.000323 
0.942231 0.941126 0.946091 0.943531 0.939209 0.946283 0.963591 0.960208 0.961518 0.952896 0.965110 0.966148 0.950963 0.949467 0.951877 0.951109 0.951669 0.951574 
0.966801 0.970195 0.964039 0.963099 0.969318 0.954228 1.011748 1.012385 1.017193 1.010778 1.028175 1.005286 0.979575 0.979040 0.978674 0.978219 0.975108 0.969789 
1.031595 1.023772 1.034159 1.035339 1.030318 1.043918 1.023716 1.027846 1.024458 1.030755 1.017766 1.030918 1.034066 1.030441 1.032891 1.031256 1.032460 1.033168 
0.996987 0.998885 0.995668 0.996259 0.995198 0.996031 0.994716 0.995257 0.990864 1.002053 0.991359 0.995179 0.994825 0.995143 0.994028 0.994284 0.994342 0.992087 
1.014079 1.012730 1.016304 1.012280 1.006723 1.006621 1.023415 1.022708 1.025942 1.011372 1.017613 1.011875 1.010857 1.012423 1.012324 1.013427 1.012430 1.009519 
1.048925 1.055121 1.042666 1.043928 1.046217 1.042273 1.016712 1.015083 1.020256 1.006512 1.005140 1.010461 1.030772 1.033863 1.031382 1.033419 1.035225 1.040432 
1.008653 1.008833 1.014767 1.014425 1.011853 1.021199 1.005999 1.001006 0.995173 1.004610 0.993483 1.003026 1.016418 1.012385 1.015839 1.013734 1.014546 1.014876 
0.950752 0.946289 0.953815 0.950777 0.942619 0.958234 0.952081 0.954774 0.953594 0.954726 0.962962 0.975684 0.952450 0.952874 0.951664 0.953567 0.956929 0.957228 
1.033375 1.036195 1.036754 1.040772 1.040557 1.043091 1.026932 1.024424 1.023751 1.033040 1.022382 1.024209 1.039538 1.036796 1.037499 1.036037 1.036391 1.035529 
1.000969 1.004272 0.995297 1.000605 1.007897 0.997728 0.986728 0.995465 0.998116 1.007657 1.001950 1.000456 0.999534 1.000997 0.998874 0.999158 0.997634 0.999412 
0.968612 0.968083 0.964612 0.967610 0.965391 0.961588 0.943339 0.954049 0.958391 0.952568 0.968303 0.972202 0.957984 0.962485 0.958625 0.962056 0.963620 0.968013 
1.008042 1.002171 1.007734 1.007970 0.996692 1.014118 1.015143 1.008845 1.009281 1.012891 1.001945 1.017863 1.005364 1.003445 1.003202 1.003393 1.007244 1.005552 
0.974906 0.975366 0.977229 0.977590 0.972796 0.970605 0.978163 0.983300 0.983042 0.986942 0.996944 1.005199 0.969045 0.973906 0.969725 0.973112 0.975340 0.974151 
0.962917 0.958871 0.968081 0.967114 0.968699 0.964516 0.977838 0.977809 0.978656 0.984039 0.990159 0.984905 0.971735 0.969889 0.972400 0.970993 0.970296 0.971196 
1.041340 1.050989 1.034940 1.037531 1.047956 1.034370 1.006799 1.011116 1.016798 1.006865 0.997065 0.993971 1.026574 1.030189 1.027893 1.028615 1.027240 1.031894 
1.003409 0.996805 1.004452 1.005158 0.997984 1.008197 0.993621 0.992812 1.001369 0.987053 0.984214 0.992325 0.998468 0.997080 0.996536 0.996888 1.000438 1.001830 
0.986954 0.985564 0.994114 0.990451 0.989960 0.982823 1.014039 1.014027 1.004233 1.014736 1.025608 1.021335 0.990480 0.993009 0.992875 0.993930 0.992284 0.987644 
0.982393 0.977887 0.989106 0.983693 0.980680 0.982827 0.976890 0.967475 0.976248 0.960405 0.974180 0.974650 0.979475 0.979961 0.980543 0.981573 0.984635 0.989676 
1.001107 0.995116 1.014451 1.009768 0.999095 1.012967 1.024477 1.018988 1.010064 1.006449 1.006541 1.016733 1.009933 1.005796 1.010504 1.008808 1.010615 1.006765 
0.968303 0.969323 0.966237 0.966667 0.970904 0.966195 0.976005 0.977861 0.975684 0.978626 0.976243 0.970016 0.972880 0.972495 0.973718 0.972490 0.969441 0.967970 
0.990301 0.984224 0.995033 0.987781 0.981629 0.985056 1.023713 1.013248 1.015198 1.004314 1.021654 1.010432 0.996399 0.995950 0.996101 0.996672 0.997568 0.992901 
1.038722 1.040737 1.043438 1.042962 1.046866 1.040164 1.052831 1.041800 1.044009 1.035430 1.028988 1.010436 1.047743 1.042830 1.047257 1.043322 1.040796 1.038710 
0.977974 0.975626 0.970218 0.972423 0.977940 0.967013 1.002032 1.012302 1.010831 1.020062 1.029122 1.015116 0.985743 0.986784 0.984678 0.984848 0.981718 0.977735 
1.002300 1.003670 0.999955 1.003132 1.006242 0.989642 1.008529 1.004303 1.015434 1.012418 1.022013 1.005179 1.002026 1.004589 1.000447 1.001909 1.001098 0.999093 
0.953665 0.952824 0.944829 0.946038 0.947639 0.933873 0.962465 0.966926 0.971622 0.970423 0.983662 0.975789 0.943573 0.949585 0.943827 0.947265 0.946670 0.943850 
0.970207 0.971691 0.975508 0.967264 0.972520 0.957123 0.995079 0.987763 0.990754 0.980452 1.004615 0.987640 0.969954 0.974200 0.973853 0.975571 0.974126 0.975160 
1.001319 0.999603 1.010719 1.008783 1.003911 1.013223 0.991162 0.991341 0.993874 0.994841 0.990930 1.004049 1.001273 1.001310 1.002292 1.002695 1.005259 1.009253 
0.969433 0.974943 0.960742 0.961606 0.966780 0.959030 0.949760 0.955239 0.956001 0.949992 0.957028 0.959705 0.960611 0.963556 0.961809 0.963392 0.962948 0.966327 
0.978195 0.978455 0.976560 0.975368 0.977605 0.965221 0.994644 0.999017 1.008162 0.996812 1.021891 1.009664 0.979708 0.983249 0.979808 0.982339 0.982198 0.981193 
0.996290 1.010253 0.988323 0.995533 1.011127 0.998843 0.980079 0.983074 0.980778 0.993038 0.983379 0.972728 0.997799 0.997677 0.997917 0.996009 0.992295 0.997214 
0.975938 0.970157 0.981218 0.974686 0.968579 0.973833 0.985785 0.979248 0.977090 0.970472 0.981046 0.981071 0.974695 0.975231 0.977017 0.977620 0.978459 0.978329 
0.998963 0.997761 0.994652 0.994824 0.990981 0.997144 1.000649 1.006648 1.003435 1.004690 1.004977 1.018260 0.996254 0.997041 0.996799 0.997599 0.998352 0.996939 
0.996826 0.998477 1.001017 1.002639 1.009265 0.997120 1.011204 1.007868 1.006486 1.015164 1.016032 0.998765 1.007544 1.005507 1.007974 1.005388 1.002002 1.000776 
1.023700 1.023644 1.026333 1.026572 1.028015 1.033200 0.987931 0.987597 0.987877 0.990290 0.975724 0.988914 1.018039 1.017140 1.019132 1.018313 1.019428 1.026908 
0.976879 0.980488 0.977618 0.979692 0.980147 0.977513 0.985213 0.990304 0.981801 0.994099 1.002064 0.998479 0.977079 0.979440 0.978138 0.979118 0.978360 0.977254 
0.987688 0.988802 0.990623 0.989681 0.989304 0.979973 0.994393 0.995043 0.999733 0.995194 0.997918 0.992581 0.986411 0.988595 0.986934 0.988179 0.987350 0.986315 
0.995718 0.999338 1.000428 0.992484 0.995396 0.991279 1.032847 1.023347 1.024055 1.007525 1.023447 1.010959 1.002097 1.002054 1.003899 1.003192 1.002999 1.000145 
1.045546 1.040527 1.041218 1.046777 1.044009 1.053087 1.030137 1.034931 1.038239 1.042849 1.038735 1.043881 1.047109 1.044586 1.044042 1.043629 1.045083 1.047285 
1.038900 1.037559 1.035787 1.041401 1.035808 1.050789 0.998186 1.000154 1.000573 1.002225 0.985010 1.006144 1.026968 1.026175 1.026881 1.026747 1.029008 1.034968 
0.996167 0.990774 0.996602 0.995021 0.992439 0.998297 0.995548 0.995234 0.994299 0.994276 0.992497 0.994946 0.993718 0.993142 0.993533 0.993426 0.994215 0.993934 
1.016705 1.020084 1.015053 1.020686 1.018197 1.023549 0.995089 0.998475 1.004902 1.010889 1.004735 1.008554 1.014210 1.016301 1.012273 1.014201 1.015099 1.016493 
1.051779 1.061521 1.044757 1.056115 1.062518 1.055992 0.980489 0.993412 0.993889 1.006541 0.982174 0.996544 1.035737 1.037692 1.034476 1.035393 1.035863 1.042647 
0.997043 1.000380 0.998211 1.000702 0.996017 0.998508 0.995146 0.995926 0.989920 0.995524 1.002316 1.011692 0.996137 0.996784 0.995838 0.997042 0.999345 0.998886 
1.065793 1.063589 1.061487 1.065131 1.059778 1.069363 1.057914 1.066263 1.065751 1.070227 1.057820 1.077538 1.065521 1.063683 1.062636 1.062752 1.064941 1.061733 
1.000231 0.993046 1.000510 0.996925 0.989870 0.996498 1.016518 1.009570 1.015800 1.002922 1.003778 1.002968 0.997400 0.997021 0.996680 0.996781 0.998840 0.995817 
1.015521 1.015891 1.018362 1.017701 1.014188 1.017385 1.006606 1.004056 1.001611 1.001914 0.996900 1.009033 1.009373 1.010242 1.010009 1.010813 1.012705 1.013795 
1.042595 1.037438 1.040537 1.042514 1.034899 1.046985 1.012654 1.017034 1.024693 1.018148 1.010134 1.025795 1.032766 1.033706 1.031033 1.033010 1.036232 1.037632 
0.996891 0.994185 1.002821 0.994684 0.995912 0.993605 1.009938 1.006981 1.008342 0.993450 1.000135 1.001678 0.995733 0.997009 0.999398 0.999226 0.998852 0.999641 
1.033140 1.034327 1.030546 1.031648 1.031811 1.038896 1.028898 1.027911 1.026430 1.025757 1.020035 1.022602 1.034979 1.032757 1.034197 1.032896 1.032754 1.032925 
1.000042 0.994130 0.995710 0.993139 0.986234 1.002725 1.016578 1.017522 1.014209 1.016557 1.008691 1.021330 1.000677 0.999653 0.999620 0.999528 1.001147 0.996576 
1.020490 1.027063 1.022516 1.027905 1.034974 1.027689 0.977612 0.977505 0.991823 0.993466 0.986361 0.988112 1.016222 1.017879 1.015381 1.016343 1.017318 1.026188 
1.074906 1.079754 1.067801 1.075679 1.082031 1.088256 1.046302 1.052336 1.051913 1.061552 1.034104 1.045807 1.075447 1.071778 1.073282 1.070413 1.069677 1.073573 
1.028959 1.024385 1.027048 1.032500 1.027338 1.028784 1.003643 1.016509 1.011705 1.017980 1.016392 1.038100 1.020801 1.021768 1.021856 1.022958 1.024008 1.026721 
0.964767 0.960601 0.971452 0.957515 0.957342 0.955481 0.986468 0.975368 0.974876 0.961454 0.971198 0.969192 0.964775 0.965849 0.968527 0.968816 0.968763 0.968588 
1.003374 1.007807 1.000306 1.003427 1.006943 1.003620 1.012091 1.016251 1.017872 1.016720 1.020059 1.010915 1.011385 1.010154 1.009477 1.009001 1.007098 1.004458 
1.003515 1.008213 1.000118 1.004041 1.011573 1.004002 0.976200 0.987845 0.988604 0.995637 0.998985 1.004091 0.997274 1.000686 0.998798 1.000267 0.999717 1.006856 
1.026928 1.038013 1.022724 1.031357 1.039406 1.032918 1.040738 1.039470 1.035430 1.046938 1.038922 1.024868 1.040861 1.036563 1.037974 1.034541 1.031615 1.029022 
0.980594 0.976773 0.986030 0.978232 0.975806 0.979547 1.034243 1.021429 1.016222 1.010328 1.017364 1.011045 0.993785 0.989917 0.994481 0.991904 0.991466 0.985743 
1.020053 1.017216 1.024397 1.025542 1.021721 1.027755 1.004116 1.004164 1.013700 1.010628 1.017471 1.021976 1.021357 1.022328 1.021333 1.022566 1.024064 1.028750 
0.981939 0.977353 0.987013 0.985889 0.981953 0.997842 0.980369 0.982082 0.975381 0.988259 0.981990 0.992792 0.991248 0.987328 0.990967 0.989378 0.990089 0.992308 
1.073924 1.081258 1.071139 1.075424 1.085034 1.089589 1.050972 1.045830 1.043934 1.050761 1.023958 1.025248 1.077478 1.072119 1.075613 1.071507 1.070430 1.074727 
0.973740 0.967322 0.977324 0.974274 0.970795 0.961398 1.021581 1.019500 1.021715 1.014234 1.031494 1.016458 0.981904 0.981891 0.981320 0.981539 0.980956 0.973136 
0.995788 0.995362 1.001873 0.998339 1.001182 1.003556 0.992446 0.990242 0.994670 0.983817 0.983996 0.985099 1.002224 1.000076 1.003560 1.001996 1.001372 1.005676 
1.005558 1.006591 1.001049 1.000467 0.998868 0.993364 1.016704 1.020820 1.024031 1.008243 1.021216 1.013195 0.999064 1.002390 0.999207 1.001262 1.000887 0.997306 
0.964784 0.968578 0.970310 0.963471 0.968402 0.954373 1.025844 1.014837 1.012844 1.008009 1.023393 1.003146 0.979881 0.978915 0.981605 0.980148 0.976918 0.971106 
1.017078 1.020550 1.016178 1.014347 1.020027 1.021078 1.020239 1.013924 1.016408 1.007241 1.003531 0.993646 1.018702 1.016520 1.019694 1.017320 1.015927 1.018651 
1.026686 1.025201 1.028336 1.027851 1.031707 1.033973 0.994431 0.992901 0.998856 1.001713 0.980387 0.990009 1.022737 1.021335 1.023248 1.021775 1.022088 1.028351 
0.957581 0.952947 0.961730 0.960486 0.954288 0.967391 0.959873 0.959395 0.960307 0.964964 0.959423 0.967719 0.961778 0.960401 0.960893 0.960793 0.962790 0.963868 
0.945075 0.949341 0.947333 0.950117 0.948220 0.940969 0.975876 0.975912 0.971491 0.983439 0.997571 0.984467 0.951370 0.953933 0.950439 0.952033 0.951377 0.944898 
1.048277 1.051029 1.041921 1.047686 1.047914 1.047200 1.044865 1.045004 1.043401 1.047515 1.037394 1.040319 1.044758 1.044153 1.043489 1.042850 1.042633 1.040772 
1.027816 1.021471 1.026887 1.027678 1.023142 1.034792 1.031327 1.027452 1.026822 1.027570 1.021086 1.022974 1.028840 1.026892 1.027393 1.026336 1.027330 1.025330 
0.997058 0.989519 0.999553 1.002827 0.995579 1.003250 1.019297 1.025841 1.022988 1.036539 1.038097 1.043457 1.005225 1.003826 1.003015 1.003214 1.004032 1.000141 
0.993134 0.987554 0.998834 0.993542 0.984197 0.991770 0.978754 0.966549 0.969125 0.954887 0.962342 0.965407 0.980292 0.982236 0.983468 0.984723 0.987478 0.991952 
0.985784 0.977910 0.986907 0.979174 0.968000 0.978001 1.002742 0.999183 0.996468 0.989270 1.002335 1.011649 0.980310 0.982475 0.981092 0.983909 0.986879 0.982787 
1.033709 1.033565 1.031074 1.034871 1.034720 1.040888 1.026990 1.029971 1.028861 1.039023 1.024617 1.027804 1.032165 1.031662 1.030932 1.030155 1.030369 1.030359 
1.008340 1.015436 1.001334 1.002695 1.010765 0.998710 1.026350 1.030561 1.028225 1.033666 1.040339 1.019154 1.012625 1.014355 1.010886 1.011413 1.008419 1.002953 
0.928673 0.916890 0.935266 0.927102 0.918000 0.930378 0.934093 0.925796 0.930991 0.917025 0.927272 0.932002 0.926977 0.926791 0.928057 0.928831 0.932038 0.934166 
1.009970 1.014048 1.010857 1.011964 1.015934 1.014092 1.004528 0.998977 0.997094 1.001579 0.995128 0.991938 1.010577 1.009416 1.011402 1.009859 1.008917 1.012017 
0.982679 0.990006 0.978851 0.984057 0.989537 0.985433 0.967330 0.972388 0.967762 0.979265 0.964966 0.961887 0.983175 0.982619 0.982297 0.981288 0.978877 0.978423 
0.996610 0.996811 0.998405 0.998498 0.999553 1.007442 0.996222 1.000723 0.995145 1.000384 0.991381 1.006504 1.003749 1.000867 1.003100 1.001658 1.002043 1.002313 
0.987462 0.980497 0.996257 0.988357 0.980130 0.995773 1.016114 1.003089 0.993786 0.992441 0.995202 0.995867 0.995747 0.991987 0.996081 0.994447 0.995994 0.992394 
0.975819 0.975337 0.975184 0.974517 0.973816 0.974177 0.976798 0.978324 0.982616 0.985322 0.981850 0.983909 0.973847 0.975936 0.973271 0.974680 0.975236 0.974127 
1.022720 1.019910 1.020307 1.020766 1.016846 1.028756 1.013771 1.019484 1.019403 1.009697 1.010234 1.017901 1.020851 1.020001 1.020197 1.020182 1.021415 1.020837 
0.983812 0.985220 0.987135 0.985203 0.986319 0.987828 1.006838 1.000956 0.998261 1.001076 1.007040 0.999184 0.994850 0.992744 0.994267 0.993005 0.992736 0.990701 
1.040086 1.037026 1.050955 1.046008 1.046774 1.046760 1.049447 1.042897 1.050986 1.040879 1.032383 1.025611 1.043946 1.042768 1.044264 1.042796 1.042590 1.042052 
0.989579 0.993899 0.997496 0.992919 0.994601 0.988138 0.988397 0.978741 0.972662 0.975324 0.982234 0.971432 0.988495 0.990356 0.990927 0.991173 0.990777 0.990702 
1.064742 1.062783 1.064198 1.071453 1.069645 1.070670 1.025877 1.021834 1.022751 1.027220 1.004211 1.016243 1.053447 1.052119 1.051865 1.050819 1.052639 1.055126 
0.988529 0.982247 0.991231 0.987437 0.979047 0.987731 1.013362 1.004936 1.003446 1.001701 1.000966 1.003298 0.991107 0.989652 0.991238 0.990786 0.991597 0.986954 
1.001745 1.005888 1.006489 1.002588 1.008421 1.002553 1.018428 1.015824 1.010855 1.013067 1.016824 1.010013 1.010031 1.008809 1.011356 1.010099 1.008255 1.007854 
1.005350 1.002602 1.004957 1.002488 1.000338 1.006947 0.963268 0.952850 0.962975 0.955030 0.940557 0.950349 0.988397 0.990519 0.990199 0.991336 0.993149 1.001063 
1.049840 1.054980 1.054939 1.053535 1.057547 1.058742 1.057247 1.044452 1.040598 1.045009 1.030764 1.019809 1.057301 1.053704 1.058588 1.054888 1.051787 1.052331 
1.010837 1.014584 1.012008 1.010668 1.012019 1.012797 1.042452 1.040608 1.028069 1.035264 1.043759 1.038645 1.021590 1.020368 1.021980 1.021040 1.019067 1.013448 
0.980185 0.982414 0.973063 0.980106 0.982895 0.978959 0.977120 0.986990 0.990414 0.988656 0.989399 0.988530 0.981381 0.981111 0.979199 0.979406 0.978311 0.977235 
0.998788 0.992195 1.004646 1.001732 0.993696 1.005482 0.998296 0.997430 1.001206 0.994152 0.991239 1.003579 0.998036 0.997515 0.998145 0.998543 1.000668 1.000968 
0.999412 0.990280 1.004894 1.001301 0.992311 1.005522 1.011541 1.011778 1.012375 1.008085 1.011867 1.021485 1.002960 1.001528 1.001978 1.002438 1.005457 1.003433 
0.981230 0.973391 0.983079 0.975904 0.963626 0.969946 1.004058 1.003067 1.007674 0.991628 1.007362 1.016086 0.974111 0.977923 0.974922 0.978462 0.981914 0.976611 
0.987505 0.984197 0.990635 0.984442 0.979356 0.991753 0.985030 0.979976 0.981929 0.966777 0.971784 0.982150 0.982302 0.982427 0.983510 0.984279 0.987660 0.989804 
0.999617 1.003823 0.997027 0.996715 1.001699 0.994827 1.009653 1.006073 1.008595 1.003456 1.002611 0.991280 1.002013 1.001169 1.002005 1.000663 0.999033 0.998402 
1.010766 1.013606 1.013141 1.016057 1.016143 1.025090 1.029007 1.028100 1.012246 1.036195 1.036975 1.036940 1.030667 1.024908 1.029263 1.026175 1.024888 1.022705 
1.014302 1.018913 1.009216 1.009777 1.017056 1.009610 1.003227 1.002278 1.006363 0.997215 0.992585 0.994113 1.009256 1.009682 1.009981 1.009252 1.008820 1.011833 
1.008965 1.013661 1.008373 1.009883 1.010722 1.012906 1.002515 1.003462 0.998948 1.003692 1.005283 1.007671 1.009262 1.009449 1.009160 1.009222 1.009768 1.010914 
0.959179 0.954658 0.962560 0.953951 0.955697 0.953550 1.000920 0.999705 1.001529 0.990107 1.013106 0.999886 0.968795 0.970109 0.971253 0.971610 0.969453 0.966421 
1.002055 1.013131 0.996438 1.003711 1.010930 0.996146 0.979344 0.985742 0.991410 0.987861 0.996722 0.992728 0.999043 1.001524 0.999467 1.000729 0.999463 1.004150 
0.980250 0.981922 0.987097 0.984294 0.981642 0.989220 0.977833 0.973960 0.973785 0.972533 0.976073 0.980473 0.985554 0.984225 0.985783 0.985760 0.987308 0.989585 
1.050708 1.047610 1.053449 1.053122 1.054174 1.058557 1.037610 1.036354 1.037283 1.039659 1.025171 1.029603 1.054163 1.051077 1.053792 1.051767 1.051497 1.053030 
1.012746 1.010018 1.019372 1.015325 1.014951 1.021991 1.010934 1.001129 0.998508 0.994378 0.978733 0.982389 1.018855 1.013394 1.019345 1.015652 1.015463 1.016830 
0.947629 0.948644 0.944345 0.946409 0.943264 0.950594 0.930754 0.943984 0.936780 0.945575 0.942885 0.958936 0.940185 0.942877 0.940524 0.942666 0.943782 0.944638 
0.998551 0.992733 0.995723 0.997105 0.988771 0.995339 0.991190 0.994690 0.990391 0.995787 1.001883 1.011989 0.993421 0.994498 0.993348 0.994926 0.996687 0.995931 
1.007550 1.004921 1.014348 1.009879 1.004183 1.006238 1.038886 1.030778 1.034282 1.027177 1.032257 1.027007 1.015110 1.013802 1.014275 1.014045 1.015403 1.010999 
1.024091 1.016952 1.030443 1.027151 1.021173 1.027861 1.085706 1.075818 1.071317 1.074484 1.076241 1.069215 1.043712 1.037864 1.041464 1.038323 1.038446 1.029687 
1.033046 1.030388 1.029809 1.027538 1.026895 1.033390 1.008618 1.006890 1.004206 0.998868 0.989786 1.001846 1.021876 1.021308 1.022603 1.022507 1.024263 1.027813 
1.055744 1.063983 1.051861 1.063158 1.066862 1.063759 1.030164 1.030276 1.030782 1.041383 1.019505 1.020009 1.053843 1.051591 1.051891 1.049730 1.048475 1.050115 
0.985238 0.974880 0.988860 0.984937 0.975100 0.985274 0.987245 0.985480 0.986130 0.981286 0.995629 1.002289 0.984601 0.984902 0.983934 0.986078 0.989399 0.989182 
1.020702 1.026301 1.017693 1.020600 1.030781 1.020469 0.986891 0.982441 0.985632 0.995880 0.982795 0.978319 1.010789 1.013164 1.011582 1.011646 1.010678 1.017165 
0.990381 0.988708 0.984281 0.980079 0.983934 0.962106 0.974245 0.966847 0.977512 0.953554 0.978828 0.960063 0.969042 0.976339 0.971885 0.975798 0.976146 0.979248 
0.951208 0.949845 0.963006 0.952124 0.949823 0.952808 1.001406 0.989101 0.984967 0.976910 0.985296 0.975361 0.964147 0.962068 0.966019 0.964370 0.963722 0.958453 
1.042830 1.044510 1.040699 1.044444 1.050780 1.041335 1.023808 1.030050 1.033107 1.045073 1.035358 1.034800 1.042073 1.043688 1.041365 1.041743 1.040396 1.042393 
1.013195 1.012245 1.014639 1.012455 1.013155 1.017913 0.994699 0.998017 1.000727 1.006503 0.994288 1.008132 1.015005 1.014489 1.014428 1.014624 1.015487 1.018465 
0.980700 0.984681 0.976507 0.974778 0.980252 0.974889 0.991282 0.984804 0.988969 0.979613 0.997590 0.982273 0.983987 0.984975 0.985197 0.985184 0.983698 0.986199 
1.014601 1.014351 1.012538 1.014865 1.016359 1.010700 0.976609 0.977625 0.987143 0.982208 0.982094 0.987480 1.006061 1.007972 1.005757 1.007511 1.008670 1.014171 
1.048211 1.050046 1.039331 1.046846 1.051763 1.043409 1.022292 1.021227 1.028641 1.026840 1.016125 1.010806 1.038558 1.038382 1.037322 1.036516 1.036022 1.039638 
0.988265 0.982695 0.994975 0.987619 0.982436 0.994304 1.002622 1.001471 0.993607 0.997460 0.997574 1.007840 0.992275 0.991765 0.994429 0.994099 0.994740 0.992396 
1.022377 1.027856 1.020793 1.022432 1.025651 1.020165 1.030814 1.026448 1.032011 1.025889 1.024546 1.013690 1.024368 1.023783 1.023453 1.022879 1.021726 1.020760 
0.944028 0.946183 0.942165 0.940919 0.944491 0.937522 0.950655 0.961506 0.951661 0.969062 0.977919 0.972888 0.946062 0.949447 0.947003 0.949014 0.946654 0.943895 
0.952927 0.954261 0.954578 0.953434 0.949364 0.944177 0.972268 0.965729 0.962563 0.962605 0.974928 0.966807 0.952784 0.954227 0.953866 0.954601 0.954744 0.951203 
1.034417 1.027219 1.040361 1.036192 1.028582 1.045435 1.009185 1.003352 1.011272 1.003791 0.993660 1.010474 1.029074 1.027153 1.028578 1.028736 1.033484 1.040146 
1.041174 1.048107 1.045790 1.051227 1.056284 1.061165 1.016747 1.017376 1.012862 1.023892 0.999657 1.011077 1.045118 1.041041 1.045158 1.041561 1.041229 1.046248 
1.077406 1.079450 1.074671 1.082706 1.088525 1.081708 1.057919 1.060267 1.056908 1.072418 1.055509 1.055498 1.080198 1.077441 1.078818 1.076459 1.074268 1.075474 
0.990884 0.998379 0.989567 0.992274 1.000202 0.990574 0.994210 0.997740 1.001152 1.004425 1.012467 1.005829 0.998618 0.999040 0.996839 0.997410 0.997084 0.998279 
0.957897 0.957265 0.959028 0.962130 0.957975 0.961498 0.943081 0.956152 0.956098 0.963683 0.962850 0.979078 0.954656 0.957324 0.955395 0.957557 0.958247 0.959760 
1.001377 0.999765 1.003529 0.999013 0.998927 1.003856 1.012300 1.002794 1.002715 0.996229 0.993998 0.993725 1.005305 1.002451 1.005990 1.004118 1.004768 1.006254 
0.971458 0.975497 0.975253 0.970462 0.969018 0.962965 1.007618 0.995545 0.996165 0.988378 0.998127 0.983637 0.978497 0.977770 0.978599 0.978244 0.977599 0.971732 
1.026337 1.036729 1.019730 1.024077 1.035120 1.017195 0.997147 0.995655 1.004758 1.001126 1.006717 0.996806 1.018719 1.022376 1.020176 1.021309 1.019450 1.026241 
0.953092 0.950546 0.961323 0.952074 0.952561 0.939024 0.980067 0.970219 0.977343 0.969865 0.994424 0.978167 0.954358 0.959357 0.957730 0.960417 0.959513 0.959208 
1.003018 1.002704 0.996209 1.000298 0.999829 0.998251 1.046169 1.050827 1.047527 1.052225 1.054925 1.043621 1.011492 1.010739 1.008864 1.008159 1.005984 0.996009 
1.003512 1.004649 1.012841 1.012457 1.017504 1.019719 1.014188 1.008081 1.004154 1.016617 1.006417 0.999378 1.020830 1.015253 1.020297 1.016292 1.014368 1.015158 
0.992085 0.985907 0.989616 0.986512 0.980816 0.988176 1.005775 1.007380 1.005785 0.993367 0.998953 1.001518 0.989548 0.988701 0.990381 0.990069 0.990437 0.987439 
1.069699 1.064589 1.068075 1.072132 1.068313 1.075823 1.057675 1.066862 1.066854 1.067171 1.058785 1.068142 1.071978 1.069090 1.069861 1.068814 1.069228 1.068419 
1.007350 1.013702 1.012219 1.016259 1.023578 1.023484 1.000202 1.003309 1.002471 1.011252 0.999615 1.001998 1.017068 1.014545 1.016403 1.014040 1.012914 1.016554 
1.013373 1.017927 1.007528 1.008264 1.013146 1.004909 1.015103 1.012861 1.013974 1.010889 1.018103 1.007489 1.010812 1.012498 1.010391 1.011357 1.010490 1.010075 
0.953131 0.956962 0.957756 0.957136 0.958900 0.958556 0.971428 0.979135 0.969144 0.979422 0.983781 0.983079 0.961076 0.961383 0.962003 0.961932 0.960612 0.958789 
1.040979 1.042069 1.035714 1.041473 1.044027 1.036993 1.002123 1.008289 1.015456 1.018141 1.002261 1.008477 1.028292 1.030801 1.028399 1.029359 1.028958 1.032848 
0.970145 0.963836 0.970554 0.967858 0.960971 0.953469 0.998770 0.996901 0.999664 0.996815 1.015016 1.009707 0.967468 0.971051 0.968563 0.971136 0.971610 0.966069 
0.997390 0.999223 0.996127 0.995758 0.992433 0.998000 0.994427 0.992085 0.991523 0.988481 0.978277 0.982131 0.996164 0.994475 0.994642 0.994180 0.995009 0.991773 
0.973090 0.970676 0.972638 0.975067 0.969586 0.979644 0.948512 0.956628 0.957601 0.955102 0.948921 0.965775 0.964870 0.965492 0.964870 0.965739 0.967896 0.970935 
1.045517 1.050322 1.045725 1.048987 1.054943 1.049976 1.025353 1.026119 1.024060 1.030461 1.020101 1.023982 1.043355 1.043263 1.044230 1.043135 1.042120 1.045698 
0.976827 0.967637 0.973157 0.966655 0.961156 0.961572 0.975226 0.969637 0.983536 0.962314 0.981826 0.979574 0.965684 0.969576 0.966151 0.969581 0.973165 0.975121 
0.970762 0.978497 0.973277 0.978519 0.984532 0.982997 0.947810 0.956128 0.951841 0.964459 0.958646 0.963821 0.972354 0.972791 0.973418 0.973049 0.971359 0.977524 
0.995707 0.994470 0.996158 0.992608 0.990679 0.988450 0.975009 0.970113 0.973798 0.965309 0.972322 0.974433 0.981495 0.985822 0.983772 0.986410 0.988519 0.993141 
0.958161 0.953836 0.963382 0.959121 0.951549 0.958767 0.962775 0.953595 0.954912 0.942399 0.960915 0.961287 0.958303 0.957719 0.958752 0.959669 0.962700 0.964497 
0.981201 0.977192 0.976574 0.979973 0.974455 0.983752 0.990432 0.996571 0.990627 1.000838 1.000248 1.006114 0.983324 0.982313 0.981241 0.981304 0.982675 0.979774 
1.000462 0.997214 1.003969 1.003073 1.000636 0.996346 0.999026 0.992724 0.999263 0.983205 0.981498 0.976971 0.996567 0.995075 0.995410 0.994814 0.996674 0.995914 
0.980232 0.981253 0.984792 0.986612 0.983444 0.977620 0.992705 0.995951 0.997580 0.992400 1.002874 0.999804 0.982164 0.982885 0.981949 0.982736 0.983386 0.980945 
0.983281 0.985903 0.985374 0.981966 0.985585 0.975381 1.002925 1.000859 1.002219 1.002909 1.010962 0.996252 0.986670 0.988542 0.986884 0.987729 0.986149 0.982534 
0.964753 0.965563 0.967066 0.965409 0.965200 0.965914 0.978945 0.976839 0.973845 0.972537 0.973057 0.973350 0.968915 0.967820 0.969613 0.968594 0.968247 0.966561 
1.049644 1.070486 1.051606 1.054493 1.066892 1.062097 1.035474 1.030076 1.024380 1.025103 1.011070 1.003610 1.051920 1.050424 1.053476 1.050760 1.047648 1.051475 
1.030983 1.031396 1.029100 1.032480 1.034092 1.031077 0.998158 1.003586 1.007144 1.007297 1.001684 1.010454 1.023393 1.024068 1.024284 1.024784 1.024758 1.031175 
0.988140 0.986204 0.981349 0.984582 0.980980 0.980885 0.948608 0.949751 0.952004 0.950918 0.947662 0.964835 0.968649 0.971743 0.969946 0.972088 0.974923 0.980733 
0.972445 0.969158 0.974876 0.971826 0.966043 0.972339 0.985997 0.979841 0.979434 0.980028 0.991741 0.995136 0.972162 0.973570 0.973451 0.974662 0.976575 0.978019 
0.969598 0.968045 0.975624 0.969248 0.968460 0.976915 0.976078 0.968425 0.973005 0.962729 0.960987 0.966729 0.973540 0.972042 0.975043 0.973937 0.974951 0.977773 
1.020558 1.020001 1.018774 1.022193 1.023200 1.021302 0.969143 0.975647 0.971384 0.988773 0.970028 0.982146 1.006772 1.009417 1.008371 1.009292 1.008557 1.012693 
1.038613 1.037970 1.042068 1.039412 1.041280 1.047666 1.051090 1.040017 1.041982 1.035959 1.032025 1.033543 1.045164 1.041522 1.045155 1.042807 1.043720 1.045862 
0.969606 0.971717 0.971749 0.974106 0.973128 0.975949 0.961953 0.958174 0.965301 0.967902 0.965285 0.967237 0.971464 0.970546 0.970189 0.970065 0.972274 0.976758 
1.050699 1.056402 1.045785 1.043882 1.049960 1.044137 1.023598 1.020561 1.022845 1.012046 1.007138 1.010138 1.038857 1.040390 1.040341 1.040928 1.040794 1.044470 
1.002310 0.999539 0.997961 0.999622 0.996887 0.998222 1.021897 1.016903 1.016326 1.018446 1.015183 1.007671 1.004230 1.003740 1.002707 1.002199 1.000965 0.994804 
0.996185 0.997005 0.995245 0.994961 0.997808 0.994145 0.977016 0.984302 0.988422 0.986353 0.994060 0.994022 0.994049 0.996472 0.994644 0.996338 0.996441 1.000961 
0.963298 0.959936 0.966680 0.961984 0.959510 0.963605 0.990569 0.983708 0.984668 0.983031 0.985617 0.984716 0.967699 0.967772 0.969108 0.968675 0.968583 0.967474 
1.005283 1.002021 1.012479 1.007175 1.010142 1.002945 1.012318 1.005535 1.014113 1.000274 1.007315 0.994379 1.005472 1.005914 1.006852 1.006536 1.006417 1.008719 
1.046372 1.038719 1.042500 1.044315 1.039752 1.042279 1.047015 1.046870 1.049024 1.046040 1.041073 1.043978 1.041497 1.040574 1.040649 1.040183 1.040880 1.038894 
0.973384 0.969970 0.968358 0.967096 0.961193 0.964622 0.972516 0.975178 0.975641 0.970891 0.975967 0.983123 0.965928 0.969275 0.965423 0.968325 0.969959 0.967209 
0.993235 0.990962 1.006553 1.000390 1.000633 1.012074 0.994679 0.984865 0.982403 0.992857 0.979016 0.991066 1.005208 1.001043 1.007132 1.004471 1.004586 1.009791 
1.010945 1.011153 1.011135 1.007923 1.009255 1.004270 1.034720 1.029907 1.025327 1.023530 1.027924 1.015696 1.014192 1.013392 1.014742 1.013847 1.012104 1.007823 
1.034369 1.041214 1.023454 1.032286 1.039062 1.042787 1.008509 1.024389 1.013266 1.030609 1.018650 1.029357 1.033973 1.032646 1.032843 1.031625 1.030103 1.032483 
1.037023 1.034711 1.033143 1.037292 1.037095 1.037579 1.039421 1.041313 1.037822 1.046642 1.019633 1.026321 1.036180 1.032908 1.034744 1.032100 1.030663 1.026322 
1.005965 1.005600 1.007005 1.007229 1.008578 1.016203 1.005340 1.006313 1.000384 1.004969 0.996963 1.003662 1.012269 1.008190 1.011561 1.009237 1.009551 1.011041 
0.991644 0.991619 0.989618 0.994870 0.990531 0.991178 0.985992 0.997373 0.999961 1.012341 1.002382 1.010264 0.991496 0.993072 0.989707 0.991122 0.990669 0.987036 
0.918517 0.916657 0.916994 0.915092 0.907371 0.911641 0.940803 0.946361 0.944112 0.945074 0.965909 0.973557 0.918666 0.922551 0.918561 0.922441 0.924340 0.920261 
0.965521 0.964710 0.967522 0.966764 0.968649 0.961944 1.003906 1.000963 1.001076 1.002405 1.019167 0.999157 0.980775 0.979118 0.979885 0.978720 0.976568 0.972418 
1.030595 1.040906 1.030760 1.035434 1.044415 1.033294 0.990800 0.984754 0.990161 0.991533 0.983794 0.972628 1.026397 1.027038 1.026041 1.025721 1.024329 1.029964 
1.003640 0.997455 1.003390 1.005648 0.997831 1.008849 0.979015 0.984667 0.982657 0.987444 0.980416 0.998574 0.995523 0.995917 0.994409 0.995748 0.998930 1.000203 
0.991960 1.000823 0.992274 0.993598 0.999985 0.986235 1.012350 1.012385 1.010407 1.011695 1.011151 0.998665 1.000603 0.999445 1.000419 0.999153 0.995915 0.991916 
0.972707 0.967711 0.983745 0.975690 0.972280 0.983274 1.010365 1.002646 1.001550 0.994968 1.006205 1.008722 0.992778 0.987444 0.991599 0.989823 0.991886 0.989910 
1.002805 0.995767 1.004620 1.003700 0.995004 1.002036 0.978980 0.984308 0.989609 0.986589 0.998432 1.014680 0.994808 0.997471 0.994227 0.997827 1.002374 1.005693 
0.944421 0.930760 0.946888 0.941722 0.929857 0.937995 0.947012 0.954397 0.957471 0.949756 0.959110 0.971265 0.935160 0.938469 0.936806 0.939756 0.942316 0.941956 
0.978447 0.967008 0.982794 0.977424 0.970306 0.983300 0.995899 1.000177 0.995858 0.996625 1.007729 1.021002 0.987111 0.985207 0.988061 0.987980 0.989280 0.988409 
0.954133 0.954792 0.954110 0.955117 0.956030 0.945414 0.993074 0.990478 0.991436 0.998794 1.016338 0.995701 0.967151 0.967113 0.965584 0.965769 0.964056 0.958764 
1.009768 1.011129 1.004291 1.008473 1.010296 1.000246 1.016329 1.018492 1.019654 1.020339 1.019778 1.010633 1.008188 1.008984 1.007210 1.007187 1.005584 1.001367 
0.974614 0.968112 0.983118 0.975863 0.977807 0.976558 0.999030 0.997110 0.994714 0.991515 0.999924 0.992213 0.985386 0.984041 0.987910 0.986539 0.983722 0.982267 
0.991450 0.983692 0.998470 0.991822 0.981933 0.997003 1.019649 1.012160 1.005412 1.006903 1.016970 1.022828 0.994855 0.994727 0.996369 0.996675 0.998755 0.996077 
1.001070 0.998860 1.003764 0.999343 1.001158 1.007838 1.005734 0.998225 0.997403 0.995072 0.991555 0.983028 1.006208 1.003570 1.006468 1.004482 1.003553 1.004465 
0.977117 0.968410 0.977667 0.978266 0.971433 0.981333 0.961267 0.970330 0.971666 0.977965 0.976119 0.995661 0.974393 0.975117 0.973970 0.975701 0.977969 0.980074 
1.022249 1.020247 1.028589 1.024830 1.024935 1.022218 1.061250 1.044040 1.039734 1.037393 1.042109 1.023450 1.035131 1.029880 1.034776 1.031322 1.029998 1.025235 
1.044419 1.047426 1.046096 1.047973 1.053642 1.048028 1.041836 1.038484 1.042830 1.037325 1.037333 1.024639 1.049209 1.047010 1.049131 1.046995 1.045311 1.048569 
1.003170 1.008985 1.001515 1.001634 1.007831 1.002019 0.978262 0.975697 0.985398 0.973638 0.981140 0.973082 1.001966 1.002467 1.002231 1.002410 1.001892 1.007572 
0.965051 0.960788 0.966094 0.966357 0.958899 0.967161 0.982155 0.979888 0.983941 0.972506 0.982095 0.983869 0.968532 0.966827 0.967769 0.967548 0.969499 0.969020 
0.981727 0.985706 0.982157 0.985162 0.987427 0.977866 0.976043 0.979920 0.979906 0.990639 0.990614 0.982162 0.979327 0.982327 0.978007 0.979808 0.979548 0.977257 
1.014959 1.016885 1.009195 1.013078 1.010525 1.008969 1.012675 1.012650 1.009740 1.010218 1.004548 1.008120 1.004636 1.006112 1.004602 1.005131 1.005705 1.003571 
0.994126 0.995713 1.002192 0.998652 1.001138 1.006896 1.001819 0.996043 0.996674 0.996785 0.983817 0.988471 1.003565 1.000295 1.003370 1.001050 1.001285 1.001835 
0.992923 1.001209 0.993273 0.996899 1.004348 0.997394 1.004854 1.008920 0.998972 1.013462 1.006769 0.999671 1.005599 1.002898 1.005506 1.002801 0.998763 0.995489 
0.962234 0.958045 0.965863 0.964477 0.959080 0.968053 0.983842 0.978714 0.973821 0.977600 0.977219 0.978902 0.971804 0.967591 0.969777 0.968405 0.969660 0.965809 
1.040156 1.041072 1.043382 1.047390 1.048319 1.053074 0.995514 0.998349 0.993624 1.008454 0.990997 1.006027 1.033406 1.032712 1.033385 1.032880 1.034773 1.041685 
1.009377 1.013874 1.014206 1.017090 1.019314 1.022145 0.995978 0.992936 0.986243 0.995680 0.977323 0.982666 1.012807 1.009421 1.013863 1.010738 1.009212 1.012065 
1.018162 1.017955 1.015227 1.014266 1.024052 1.007137 1.009503 1.015789 1.027407 1.024431 1.031629 1.022720 1.015433 1.019655 1.016006 1.018098 1.016583 1.019897 
1.072816 1.082457 1.072651 1.078020 1.080651 1.083682 1.053148 1.052502 1.042815 1.049713 1.036442 1.042329 1.071096 1.069047 1.070709 1.069022 1.069030 1.070010 
1.046210 1.046609 1.051485 1.054069 1.054775 1.060919 1.040169 1.038612 1.032143 1.043606 1.029523 1.035841 1.056340 1.051068 1.055031 1.052137 1.051893 1.052872 
1.024841 1.020813 1.024443 1.025076 1.024275 1.039596 1.004684 1.007977 0.998572 1.012265 0.993959 1.011193 1.027272 1.022629 1.027268 1.024771 1.025098 1.029169 
1.003696 1.011113 1.003553 1.008419 1.015361 1.009631 0.967957 0.968559 0.966523 0.976247 0.968228 0.967827 1.000467 1.000350 1.000267 0.999706 0.999456 1.005522 
1.000724 1.005862 1.003072 1.000113 1.002913 1.001166 1.012857 1.008992 1.001960 1.000392 1.000414 0.996665 1.003689 1.002619 1.004537 1.003559 1.002477 1.000183 
1.019976 1.021619 1.010592 1.010539 1.009290 1.009379 0.987604 0.993455 1.003165 0.982614 0.988941 0.994411 1.001489 1.006472 1.002206 1.005555 1.007077 1.009883 
1.020563 1.022318 1.021787 1.023029 1.026163 1.036630 0.997103 0.998383 1.002903 0.997929 0.987909 0.991319 1.022315 1.019723 1.021928 1.020032 1.020378 1.026253 
1.034346 1.040439 1.032729 1.037143 1.045505 1.035960 1.002380 0.999606 1.004408 0.999400 0.991808 0.985432 1.028017 1.027185 1.028415 1.026975 1.026287 1.033465 
0.980701 0.971948 0.982111 0.973916 0.966454 0.969552 0.984727 0.981634 0.985797 0.972853 0.968443 0.983692 0.973874 0.974394 0.974772 0.975924 0.978258 0.976337 
1.002593 1.006690 0.995561 1.002724 1.006450 1.000705 1.005356 1.014801 1.014916 1.018180 1.026201 1.016194 1.005105 1.005574 1.002656 1.003063 1.002563 1.001765 
0.960362 0.965365 0.971190 0.964389 0.965600 0.957772 1.012323 0.994401 0.999023 0.981929 0.994008 0.972368 0.972756 0.971017 0.973600 0.971907 0.971297 0.966460 
0.996186 0.986692 1.000414 0.992780 0.989836 0.994679 1.034834 1.029194 1.031774 1.016206 1.023927 1.014325 1.000983 0.999396 1.001750 1.000427 1.000559 0.996632 
0.975334 0.974433 0.975984 0.973442 0.972332 0.970605 0.974123 0.969232 0.972951 0.962424 0.972419 0.966575 0.968136 0.971351 0.969896 0.971455 0.971695 0.972964 
0.946834 0.948401 0.953471 0.948507 0.948196 0.954771 0.988447 0.992635 0.976870 0.995707 0.994894 1.004917 0.965967 0.963288 0.966965 0.965539 0.963860 0.958406 
0.947549 0.935618 0.945617 0.940431 0.932480 0.934879 0.961509 0.960893 0.969100 0.957433 0.971597 0.980318 0.941067 0.943687 0.940819 0.943962 0.947374 0.945558 
1.027245 1.027750 1.022710 1.021582 1.028939 1.020472 1.015650 1.009928 1.011860 1.014594 1.006905 0.998469 1.018589 1.020369 1.020560 1.020104 1.017876 1.020725 
0.936540 0.937004 0.936268 0.937129 0.941451 0.929769 0.949519 0.954740 0.961742 0.954431 0.976706 0.966516 0.942062 0.943107 0.942085 0.942955 0.942738 0.944282 
1.059581 1.055866 1.054841 1.063776 1.061929 1.075259 0.994215 1.001686 1.000075 1.016899 0.982926 1.004531 1.045301 1.043611 1.044038 1.042959 1.044564 1.052538 
0.972924 0.975426 0.972634 0.975607 0.974994 0.979445 0.964590 0.972746 0.971007 0.980758 0.975682 0.982650 0.977123 0.976123 0.975210 0.975372 0.976485 0.976895 
0.961476 0.963564 0.967269 0.966247 0.969749 0.969295 0.926665 0.923953 0.927213 0.936116 0.928876 0.936770 0.959791 0.959941 0.961692 0.961593 0.962256 0.972209 
0.935245 0.933616 0.941855 0.939965 0.938256 0.938257 0.948748 0.949286 0.949042 0.952827 0.958214 0.959798 0.944645 0.944348 0.944668 0.944882 0.944660 0.943298 
0.965317 0.963778 0.968970 0.966307 0.962249 0.973337 0.981087 0.975583 0.970029 0.971163 0.962667 0.961633 0.969146 0.967412 0.970307 0.968329 0.967258 0.964480 
1.014928 1.012388 1.020293 1.018989 1.013899 1.026636 1.019369 1.019261 1.008516 1.015823 1.003585 1.014164 1.020180 1.016372 1.020945 1.018648 1.018350 1.016741 
1.026353 1.028123 1.018624 1.020294 1.026199 1.021374 0.998670 1.005853 1.012761 1.000340 0.991639 0.995158 1.014580 1.015998 1.014950 1.015051 1.014947 1.019425 
0.962276 0.957456 0.963699 0.962021 0.952144 0.965889 0.980683 0.985589 0.977761 0.985792 0.980836 0.998157 0.966265 0.965281 0.965197 0.965732 0.967670 0.961728 
1.016010 1.018761 1.011374 1.014045 1.022223 1.011525 1.021657 1.021435 1.025114 1.029447 1.026991 1.015486 1.020775 1.019988 1.019840 1.018490 1.016017 1.015188 
0.999156 0.992336 1.006500 1.003315 0.997775 1.008550 0.978936 0.975904 0.975267 0.979120 0.962032 0.971225 0.993540 0.992834 0.993929 0.993679 0.995510 0.997596 
0.998433 0.996221 1.003320 1.000220 1.001618 0.998822 1.014043 1.020069 1.015685 1.022638 1.025399 1.019467 1.003021 1.004310 1.004694 1.004737 1.002761 1.000711 
1.006431 1.019114 1.009703 1.013210 1.020738 1.020771 0.993639 0.990769 0.986512 0.989330 0.976383 0.968082 1.013747 1.010255 1.013672 1.010347 1.007773 1.010041 
0.959487 0.961603 0.961076 0.957695 0.958435 0.955131 1.000760 0.998768 0.997724 0.997517 1.012634 1.000002 0.969762 0.970698 0.969919 0.970322 0.968922 0.963460 
0.989811 0.990579 0.989337 0.988159 0.983219 0.987119 0.990937 0.993734 0.992437 0.991481 0.996403 1.007321 0.988752 0.990456 0.988854 0.990728 0.992121 0.990608 
1.061162 1.074861 1.065904 1.068647 1.082478 1.070569 1.058016 1.052834 1.058790 1.051235 1.039479 1.025646 1.071912 1.067844 1.071602 1.067628 1.064381 1.068176 
1.011269 1.012184 1.012112 1.015076 1.017663 1.018867 0.995651 0.996692 0.999995 1.003356 0.998664 1.003393 1.014882 1.012638 1.013554 1.012463 1.013382 1.017347 
1.002843 1.001131 1.003960 1.002198 0.997779 1.004021 0.995986 0.992085 0.997639 0.981482 0.991130 0.988942 0.998317 0.998653 0.998209 0.999003 1.001339 1.003545 
0.980086 0.984716 0.979242 0.983078 0.992262 0.979432 0.975254 0.977765 0.982909 0.993848 0.986456 0.974329 0.983525 0.984503 0.983044 0.982359 0.979639 0.981124 
1.015278 1.017766 1.020269 1.016549 1.020325 1.019858 1.036186 1.037093 1.028388 1.045112 1.028850 1.030703 1.026451 1.025236 1.026722 1.025388 1.022506 1.016671 
1.037483 1.026770 1.042564 1.035583 1.026967 1.043298 1.015866 1.011295 1.002863 1.004456 0.987942 1.010037 1.028462 1.026636 1.030496 1.029881 1.032003 1.034237 
0.998716 0.996476 1.002398 1.002350 0.998393 1.009981 1.010781 1.009266 1.000657 1.013867 0.993433 1.007751 1.006251 1.000617 1.004874 1.001985 1.003121 1.001659 
1.041873 1.039673 1.037811 1.039279 1.039143 1.044061 1.026796 1.024975 1.024803 1.028645 1.011242 1.011320 1.036558 1.035228 1.035419 1.034294 1.034187 1.034408 
1.044639 1.048717 1.037301 1.042049 1.049134 1.031769 1.038748 1.035398 1.040867 1.041672 1.038339 1.024746 1.038378 1.039523 1.037593 1.037459 1.035568 1.036349 
0.981476 0.975076 0.986345 0.976619 0.970696 0.976891 1.019281 1.015232 1.015125 1.002731 1.009259 1.013421 0.985244 0.985243 0.985596 0.986382 0.987672 0.981648 
0.978126 0.973203 0.977872 0.974753 0.974267 0.977105 0.979061 0.977355 0.975101 0.978445 0.985190 0.988380 0.974185 0.975780 0.976915 0.977343 0.977506 0.981154 
0.977356 0.981741 0.971523 0.968915 0.973965 0.960664 0.987513 0.977704 0.976366 0.967645 0.982243 0.958785 0.972947 0.974726 0.975143 0.975033 0.972184 0.971143 
0.960900 0.963736 0.954227 0.961129 0.958546 0.950594 0.963119 0.971064 0.969572 0.971736 0.981240 0.980779 0.956141 0.958656 0.955437 0.957176 0.956952 0.953974 
1.008243 1.009607 1.010741 1.007256 1.009908 0.998409 1.029587 1.022868 1.031013 1.018474 1.031745 1.011299 1.012757 1.013871 1.012726 1.013350 1.011997 1.009090 
1.032411 1.040080 1.022019 1.027936 1.033117 1.018329 1.004914 1.012120 1.012489 1.016234 1.005407 1.006687 1.017006 1.021380 1.017196 1.018962 1.017726 1.017503 
1.008359 1.007462 1.006862 1.003527 1.002561 1.004366 0.961009 0.963518 0.969221 0.960510 0.954130 0.970859 0.988112 0.992845 0.990925 0.993818 0.995794 1.003441 
1.035207 1.041952 1.026633 1.032148 1.043621 1.029814 0.977994 0.985106 0.990372 0.987156 0.981472 0.981264 1.017865 1.021601 1.019341 1.020551 1.019029 1.027447 
0.959878 0.950079 0.959968 0.956752 0.946178 0.950504 0.983506 0.989568 0.991188 0.989905 1.000337 1.014277 0.956759 0.959835 0.956431 0.959565 0.962509 0.957671 
1.005498 0.992757 1.014725 1.006472 0.998477 1.011365 1.021442 1.008044 1.007831 1.000381 0.995707 1.001985 1.005633 1.002977 1.007445 1.005796 1.007270 1.007185 
0.998084 0.996600 0.994705 0.997337 0.995070 1.004983 0.994391 1.000635 1.000149 1.000165 1.001054 1.015197 1.001918 0.999791 1.000735 1.000366 1.001714 1.003350 
1.002662 1.005169 1.004436 1.004978 1.010704 1.005883 0.989010 0.986534 0.992115 0.988962 0.992518 0.985859 1.002464 1.002506 1.002798 1.002270 1.002761 1.008811 
0.930638 0.928341 0.929861 0.925862 0.923862 0.927150 0.966352 0.966625 0.960618 0.965819 0.979224 0.973592 0.940548 0.939956 0.940794 0.940786 0.940107 0.936540 
0.953079 0.948165 0.948012 0.944259 0.940918 0.948497 0.979531 0.979300 0.978662 0.971969 0.987878 0.983558 0.957589 0.957607 0.956486 0.957260 0.958242 0.954304 
1.002324 1.007795 0.995718 1.000308 1.006549 0.997772 0.973933 0.983569 0.984443 0.989982 0.987428 0.987827 0.994692 0.997264 0.994996 0.996289 0.995087 0.998987 
0.989621 0.988265 0.991617 0.987675 0.990355 0.990215 0.974716 0.967631 0.969923 0.968423 0.954731 0.956745 0.987565 0.985713 0.987853 0.986635 0.986846 0.989229 
0.984713 0.983415 0.986802 0.983493 0.983919 0.990570 0.995157 0.990937 0.988199 0.990438 0.991126 0.989587 0.994164 0.991181 0.993801 0.992291 0.992056 0.992329 
1.018112 1.018799 1.017435 1.016234 1.017451 1.018652 0.999224 1.000246 1.006559 0.992275 0.994116 0.992246 1.014083 1.014423 1.015126 1.015117 1.014709 1.018998 
0.990479 0.989370 0.984850 0.992062 0.989406 0.992725 0.958800 0.973949 0.969549 0.985017 0.980078 1.003662 0.980506 0.983159 0.980185 0.982487 0.984512 0.988034 
1.009077 1.003948 1.007028 1.005898 1.006746 1.010619 0.999201 1.004424 1.011699 1.003711 1.004263 1.005286 1.002241 1.004305 1.002435 1.003470 1.004280 1.007366 
0.984883 0.977696 0.984868 0.983661 0.975495 0.977074 0.983468 0.983242 0.989050 0.986070 0.996745 0.996461 0.976727 0.980363 0.975591 0.978911 0.981891 0.979856 
0.949543 0.942480 0.951620 0.944047 0.940654 0.937498 0.957991 0.961304 0.972730 0.951649 0.978027 0.972019 0.945451 0.949967 0.946860 0.950498 0.951657 0.951945 
1.020148 1.015054 1.020676 1.019430 1.013079 1.021559 1.051234 1.051434 1.058939 1.043246 1.053466 1.048015 1.031943 1.028776 1.028793 1.028462 1.029273 1.024465 
1.045913 1.049076 1.045040 1.050483 1.049983 1.052514 1.023183 1.021829 1.024127 1.029087 1.016934 1.026847 1.045849 1.043528 1.044101 1.043065 1.044448 1.046960 
0.981514 0.975939 0.986110 0.980541 0.980915 0.977839 0.991406 0.983771 0.991687 0.983843 0.993304 0.988343 0.985815 0.986306 0.986526 0.986798 0.987358 0.988335 
1.035473 1.041911 1.030687 1.033719 1.038291 1.026203 1.026425 1.021149 1.028124 1.020325 1.019111 1.006480 1.025713 1.028195 1.025141 1.025853 1.025505 1.025083 
0.981978 0.989455 0.974369 0.977181 0.984439 0.963425 1.012200 1.013447 1.021207 1.010792 1.031261 1.002258 0.984305 0.987663 0.982978 0.984346 0.981580 0.976241 
1.002447 1.017182 0.996296 1.002560 1.016193 0.998143 0.997812 0.999649 1.007557 1.009161 1.010383 0.991414 1.004108 1.007229 1.002930 1.003486 1.000918 1.002946 
0.974585 0.976945 0.978213 0.977645 0.978425 0.980271 0.990041 0.983687 0.980797 0.982714 0.987290 0.980808 0.984909 0.982268 0.984836 0.983172 0.982328 0.980847 
1.027188 1.021974 1.028159 1.029961 1.023728 1.036436 1.025022 1.027145 1.025659 1.024783 1.019927 1.031622 1.029264 1.026080 1.028194 1.026913 1.028526 1.028725 
0.929153 0.922565 0.937524 0.930966 0.922930 0.941703 0.917037 0.916468 0.909161 0.913779 0.912890 0.941084 0.931142 0.929294 0.932812 0.933254 0.936948 0.942161 
0.944633 0.935465 0.949212 0.937012 0.933224 0.938387 0.959200 0.954512 0.953025 0.945088 0.962108 0.968519 0.941230 0.944098 0.944858 0.946978 0.948650 0.950063 
1.047167 1.051940 1.047602 1.048976 1.051912 1.050910 1.021830 1.017965 1.015971 1.013802 1.008865 1.014242 1.041778 1.040989 1.043193 1.042213 1.042351 1.047020 
1.013441 1.016981 1.016199 1.015591 1.017586 1.009042 1.042279 1.032178 1.028955 1.027343 1.040994 1.030148 1.019486 1.018873 1.020054 1.019437 1.018912 1.016558 
1.040523 1.043048 1.037489 1.038522 1.042688 1.044073 1.023815 1.020727 1.022572 1.019184 1.005699 1.006575 1.037853 1.036106 1.036785 1.035469 1.035605 1.037116 
1.012623 1.020748 1.016677 1.016804 1.025928 1.011482 1.017978 1.012492 1.017399 1.008667 1.019778 0.997814 1.020774 1.020277 1.021682 1.020144 1.017304 1.019054 
1.009041 1.007764 1.008127 1.005815 1.007760 1.007798 0.991047 0.988081 0.990299 0.989233 0.990440 0.990692 1.002090 1.004319 1.003242 1.004392 1.004923 1.008431 
0.974966 0.977338 0.967651 0.965383 0.966364 0.954525 1.013880 1.008937 1.015176 1.001261 1.019030 0.996391 0.972629 0.976576 0.973183 0.974858 0.972777 0.965888 
0.961336 0.963248 0.962040 0.958773 0.956952 0.960062 0.996796 1.001797 0.996980 0.993533 1.006982 1.004612 0.973183 0.972676 0.972614 0.972982 0.972268 0.966144 
1.006610 1.002296 1.014243 1.010348 1.006185 1.017917 1.000853 0.997489 0.990530 1.006896 0.996168 1.009502 1.009704 1.008964 1.010929 1.010695 1.011465 1.012550 
0.973784 0.977868 0.971958 0.971623 0.977899 0.968968 0.962305 0.965895 0.964926 0.969613 0.972490 0.966284 0.971096 0.973477 0.972150 0.972980 0.971608 0.974259 
1.011695 1.008111 1.009178 1.007069 1.000080 1.011311 1.005677 1.011783 1.006704 1.006818 1.004150 1.020853 1.005839 1.007225 1.005796 1.007589 1.009204 1.005740 
1.011255 1.016798 1.009486 1.011146 1.012867 1.009848 1.002109 0.996891 1.003565 1.000690 0.994438 0.989167 1.008851 1.008940 1.007821 1.008034 1.008009 1.008682 
0.995442 0.990533 0.994375 0.996592 0.990418 1.002506 0.977293 0.987757 0.987308 0.988880 0.986481 1.007720 0.989920 0.990526 0.989235 0.990742 0.993738 0.996278 
1.021118 1.014747 1.025052 1.027134 1.022551 1.032030 1.000999 1.002028 0.999895 1.007354 0.997550 1.006165 1.018613 1.017365 1.018615 1.018028 1.018779 1.021207 
1.039398 1.042096 1.036861 1.039884 1.037528 1.048243 1.000032 1.000714 1.005737 0.992557 0.977050 0.990361 1.030186 1.028618 1.030237 1.029519 1.030532 1.035575 
1.011310 1.011739 1.015709 1.010549 1.014008 1.009267 1.004805 1.000559 1.009619 0.989830 0.998815 0.990979 1.007581 1.008220 1.008698 1.009095 1.009768 1.013374 
1.019254 1.016399 1.013876 1.013471 1.010531 1.009247 1.004597 1.007391 1.008655 1.001692 1.009234 1.012033 1.008354 1.011114 1.007754 1.010148 1.012243 1.012533 
1.000742 0.998511 1.001335 0.996744 0.996528 0.993334 1.000588 0.996538 1.000739 0.983965 0.981491 0.983834 0.991818 0.992023 0.992879 0.992804 0.994382 0.994833 
0.997151 0.996306 0.992435 0.990128 0.989108 0.974099 1.022505 1.017687 1.026309 1.006976 1.030958 1.011184 0.992334 0.996769 0.992300 0.994876 0.994623 0.989009 
1.004837 1.016134 0.998814 1.001687 1.015032 0.996173 0.994808 0.996957 0.999068 0.997494 1.002284 0.988163 1.002654 1.004922 1.004086 1.004088 1.000757 1.004285 
0.986636 0.971704 0.984114 0.981036 0.966101 0.975709 1.009663 1.012491 1.008141 1.008191 1.026314 1.033459 0.982036 0.984571 0.982783 0.985587 0.987522 0.982370 
0.983945 0.989611 0.976708 0.981397 0.988650 0.977863 0.996207 1.006922 1.005446 1.011282 1.012925 0.998334 0.991313 0.991185 0.988808 0.988538 0.985388 0.980646 
1.057076 1.058529 1.054980 1.056664 1.057985 1.059893 1.025699 1.027752 1.024592 1.031632 1.015911 1.024378 1.050208 1.049780 1.050155 1.049773 1.049994 1.052958 
0.938788 0.936948 0.940654 0.938653 0.935373 0.938475 0.955026 0.951197 0.941121 0.950890 0.955244 0.957501 0.940172 0.940490 0.941934 0.941832 0.941228 0.938745 
1.019834 1.010988 1.023692 1.025015 1.018991 1.030333 0.992673 0.994864 0.997738 1.003937 0.987462 1.004984 1.017222 1.015682 1.016232 1.015985 1.018051 1.021228 
0.985324 0.989043 0.993831 0.988604 0.987984 0.996382 1.016658 1.009433 1.000049 0.995835 1.000439 0.998736 0.999209 0.995266 1.000782 0.997994 0.996767 0.993490 
1.030086 1.031955 1.028172 1.031932 1.037579 1.029430 1.023217 1.024051 1.025305 1.033926 1.027601 1.021677 1.029173 1.030330 1.029549 1.029216 1.026975 1.028313 
1.016256 1.015301 1.013153 1.014893 1.014152 1.010110 1.028107 1.029298 1.027313 1.037015 1.028652 1.022264 1.014954 1.015472 1.013283 1.013520 1.012642 1.006997 
1.011883 1.012170 1.019399 1.012591 1.013439 1.017000 1.021232 1.006927 1.013799 0.993614 1.000943 0.992322 1.015995 1.013617 1.018176 1.016307 1.016316 1.019797 
0.939937 0.941935 0.933936 0.935909 0.933656 0.931852 0.934895 0.939531 0.941310 0.939452 0.953716 0.952046 0.936196 0.938921 0.935470 0.937855 0.938913 0.938331 
0.986023 0.979447 0.982091 0.985300 0.976234 0.982720 0.956914 0.961648 0.970478 0.969101 0.966701 0.982043 0.972101 0.975085 0.970830 0.973826 0.977926 0.981050 
0.957736 0.955406 0.954044 0.949853 0.948522 0.945990 0.980766 0.974732 0.970722 0.962541 0.978841 0.973989 0.957163 0.958166 0.958136 0.958816 0.958670 0.954789 
1.019979 1.021028 1.020443 1.019967 1.022998 1.023479 1.026946 1.027804 1.027000 1.026605 1.027956 1.029191 1.023174 1.022667 1.024102 1.023215 1.023014 1.024728 
0.995221 0.992233 1.002147 0.997945 0.999747 1.003902 1.005224 0.994051 0.990944 0.992567 0.991919 0.984911 1.006297 1.001740 1.006298 1.003451 1.002838 1.003212 
0.973593 0.971816 0.980218 0.981005 0.975089 0.985794 0.992157 0.991055 0.981824 0.998815 1.001925 1.007202 0.985866 0.983959 0.986017 0.985358 0.985183 0.983308 
0.954170 0.952184 0.947748 0.950718 0.943588 0.948736 0.973577 0.986441 0.982028 0.986108 0.998051 1.007660 0.956000 0.957271 0.954169 0.956297 0.957761 0.952233 
0.990169 0.987069 0.999015 0.990171 0.986205 0.993823 1.022899 1.004104 1.002416 0.996647 1.003437 0.991745 0.999074 0.996439 0.999971 0.998315 0.998945 0.996287 
1.052802 1.060143 1.048063 1.056196 1.064115 1.063493 1.001748 1.014617 1.011373 1.020802 0.998125 1.014813 1.044923 1.045123 1.044525 1.043821 1.043136 1.049041 
0.999750 1.002155 0.993425 0.994265 0.991525 1.002085 0.962630 0.971112 0.958872 0.969193 0.961170 0.980851 0.988204 0.989849 0.989454 0.990891 0.991824 0.994941 
0.981287 0.989511 0.969322 0.977747 0.985071 0.975513 0.964353 0.973625 0.976902 0.975146 0.979498 0.973849 0.977233 0.979547 0.976336 0.977254 0.975319 0.976565 
1.004893 1.002131 1.001488 1.002597 0.997299 1.004816 1.008004 1.014289 1.012321 1.016278 1.016766 1.024223 1.002778 1.004447 1.002543 1.004092 1.004300 1.002692 
0.941274 0.943550 0.939085 0.939515 0.939205 0.935595 0.950866 0.954286 0.956291 0.956044 0.967548 0.965861 0.942580 0.944786 0.942376 0.944006 0.944321 0.942828 
1.036243 1.031709 1.033155 1.034291 1.027474 1.037008 1.026705 1.024767 1.027680 1.019307 1.011639 1.016170 1.027670 1.026980 1.026724 1.026777 1.028868 1.028056 
1.014137 1.019872 1.015329 1.022157 1.024539 1.020895 1.028929 1.032916 1.031161 1.041850 1.048613 1.034600 1.026143 1.024313 1.023304 1.022337 1.021564 1.019548 
1.016017 1.013801 1.018159 1.018365 1.014373 1.030979 1.010796 1.007439 1.008313 0.999130 0.979983 0.992094 1.018610 1.013107 1.017894 1.014666 1.015508 1.016737 
1.018029 1.017131 1.015148 1.016778 1.016190 1.017420 1.007413 1.011583 1.009422 1.012545 1.002814 1.007388 1.013958 1.013084 1.013082 1.012594 1.013090 1.012473 
1.030573 1.033026 1.021515 1.027473 1.031751 1.022365 0.978267 0.978028 0.984624 0.984631 0.979083 0.981630 1.014552 1.017285 1.014833 1.016159 1.016108 1.023218 
0.991464 0.981420 0.992189 0.990522 0.978040 0.989298 0.977435 0.977361 0.975986 0.972879 0.973324 0.990004 0.981793 0.982309 0.981406 0.983096 0.986886 0.985848 
1.055771 1.055960 1.050790 1.053377 1.056753 1.048711 1.038832 1.050623 1.056635 1.053333 1.051319 1.054701 1.049245 1.051758 1.049415 1.051094 1.049889 1.051632 
0.971197 0.976965 0.974613 0.969804 0.974008 0.965703 1.017004 1.006863 1.011209 1.000424 1.018421 0.987565 0.986162 0.985401 0.986145 0.985113 0.982357 0.977602 
1.006042 1.001115 1.012133 1.008801 1.001208 1.020488 0.991229 0.987285 0.989747 0.987986 0.981086 0.998846 1.004127 1.002802 1.004607 1.004716 1.008428 1.013310 
0.986300 0.991091 0.981655 0.982231 0.986824 0.974280 0.987001 0.993225 0.993711 0.994225 1.002909 0.992461 0.980851 0.986014 0.982280 0.984531 0.982188 0.980252 
0.990025 0.987042 0.992431 0.986659 0.987268 0.981423 1.023405 1.022869 1.022923 1.015433 1.021317 1.012463 0.996246 0.996205 0.997536 0.996986 0.994701 0.989080 
0.997855 0.994491 0.998028 0.994907 0.992254 0.995611 0.977200 0.974442 0.982357 0.979003 0.975801 0.981592 0.987912 0.991109 0.987587 0.990094 0.992461 0.994545 
0.998161 1.001051 0.999541 0.999316 1.000327 1.000004 1.014903 1.015012 1.012606 1.016396 1.022183 1.009717 1.002393 1.004300 1.001961 1.002497 1.001294 0.996639 
0.986066 0.987932 0.985350 0.982140 0.984579 0.979605 0.999626 0.996149 0.998659 0.983387 1.001924 0.985258 0.986181 0.986947 0.987159 0.987440 0.986923 0.987260 
0.976568 0.978871 0.977024 0.979568 0.981012 0.976744 0.974385 0.982748 0.975934 0.984311 0.984222 0.991286 0.979544 0.979615 0.979390 0.979663 0.979407 0.978079 
0.964645 0.965862 0.961063 0.959489 0.959698 0.951086 0.978062 0.974825 0.981254 0.964310 0.974973 0.959400 0.961485 0.963245 0.961417 0.962130 0.961456 0.957887 
1.007467 1.011422 1.001354 1.007397 1.009815 1.007583 0.945414 0.949550 0.951835 0.956952 0.943767 0.958198 0.989334 0.991890 0.989990 0.991414 0.993008 1.002416 
1.029082 1.028985 1.024091 1.027003 1.030875 1.024486 1.003060 1.009340 1.009680 1.011325 1.011255 1.010966 1.021269 1.022982 1.022261 1.022699 1.021859 1.026243 
1.026780 1.028225 1.018437 1.022219 1.022045 1.026693 1.012192 1.015932 1.018081 1.016538 1.008786 1.009719 1.021822 1.021573 1.020183 1.019972 1.020365 1.020942 
1.029892 1.040169 1.024456 1.032688 1.038760 1.031044 0.981979 0.979664 0.986989 0.989293 0.975547 0.978131 1.019402 1.020233 1.018913 1.019165 1.018801 1.026568 
0.982906 0.976828 0.982731 0.985982 0.977710 0.994585 0.974702 0.979489 0.974843 0.986222 0.971781 0.990231 0.983181 0.981234 0.981518 0.980990 0.982883 0.981570 
0.965021 0.967248 0.966169 0.967193 0.966225 0.964069 0.980207 0.983973 0.977211 0.981078 0.989327 0.990279 0.969002 0.968706 0.969170 0.969289 0.969285 0.967379 
0.978423 0.980608 0.981289 0.976266 0.976809 0.973667 0.979321 0.974387 0.975038 0.965510 0.974150 0.970995 0.974218 0.976337 0.976811 0.977676 0.977640 0.979345 
1.009676 1.009958 1.014163 1.009173 1.015937 1.007989 1.000020 0.994086 0.995735 0.991491 0.986112 0.978537 1.008318 1.007892 1.010051 1.008985 1.007297 1.010440 
0.992817 0.988572 0.998989 0.996011 0.992586 0.996721 0.965916 0.970300 0.976778 0.968933 0.969695 0.983351 0.983222 0.986101 0.985773 0.987801 0.989586 0.995818 
1.058428 1.059620 1.060683 1.064964 1.067256 1.071129 1.018586 1.019721 1.020366 1.020554 1.006675 1.016574 1.056076 1.053075 1.056710 1.054565 1.054280 1.061682 
1.013304 1.008018 1.009429 1.010729 1.005686 1.013944 0.983148 0.987026 0.991357 0.984010 0.982923 0.991378 1.002643 1.003268 1.001461 1.002822 1.005494 1.007941 
1.059198 1.061136 1.060987 1.063747 1.065708 1.071824 0.984383 0.982992 0.987534 0.985799 0.955500 0.976789 1.041711 1.040667 1.042376 1.041546 1.044150 1.055709 
1.032230 1.040658 1.028878 1.036191 1.043529 1.031809 1.005320 1.007863 1.013974 1.020349 1.012832 1.007313 1.029856 1.030776 1.028446 1.028669 1.027627 1.031422 
0.908127 0.914452 0.901720 0.899868 0.899151 0.892156 0.916506 0.921969 0.918626 0.911208 0.937067 0.931402 0.898642 0.905213 0.901385 0.905231 0.905201 0.904216 
0.994865 0.994017 0.994127 0.994893 0.991493 0.997060 1.040780 1.037061 1.023477 1.034463 1.031641 1.029644 1.012194 1.006288 1.009733 1.006684 1.005062 0.994810 
1.000811 1.003670 1.002539 1.000754 1.001245 1.004576 1.000648 0.997632 0.995319 0.995693 1.001841 1.000947 1.002129 1.002549 1.002400 1.002940 1.003619 1.004759 
1.056575 1.055348 1.054255 1.050022 1.047197 1.043971 1.077947 1.068046 1.068662 1.053416 1.054311 1.045507 1.055055 1.053948 1.053659 1.053349 1.053659 1.045888 
1.039852 1.036071 1.037911 1.038836 1.038423 1.042509 1.002186 0.997390 1.003283 0.998835 0.989611 0.996351 1.028858 1.028434 1.028543 1.028603 1.030769 1.037002 
0.959161 0.944473 0.961729 0.951690 0.936392 0.950779 0.970092 0.961557 0.976901 0.952724 0.963368 0.969378 0.950325 0.953292 0.950376 0.953832 0.958568 0.957312 
0.987898 0.985057 0.990798 0.986531 0.983683 0.988355 0.998569 0.990074 0.986989 0.988983 0.992499 0.990529 0.987683 0.987787 0.988233 0.988292 0.989733 0.989646 
1.040457 1.039465 1.043541 1.042806 1.043831 1.042730 1.030135 1.026585 1.031066 1.026049 1.023896 1.022104 1.039073 1.039048 1.039521 1.039125 1.039192 1.041966 
1.002918 1.008102 0.995179 1.001222 1.012631 0.995473 0.996506 1.009579 1.010195 1.017108 1.026057 1.017704 1.002635 1.005965 1.003726 1.004491 1.000553 1.002801 
0.972100 0.971539 0.970531 0.970859 0.970769 0.976591 0.967646 0.967501 0.964926 0.974897 0.970864 0.972338 0.972490 0.973033 0.972276 0.972589 0.972395 0.973105 
0.964747 0.957121 0.970861 0.965032 0.959431 0.968999 0.977795 0.977823 0.977170 0.979195 0.980487 0.993809 0.964894 0.966326 0.967208 0.968106 0.969270 0.969939 
1.002526 1.004479 0.992586 0.997826 1.005390 0.988669 0.981431 0.992027 0.999602 0.996057 0.996733 0.984479 0.991466 0.996309 0.991672 0.993359 0.990721 0.991330 
1.013179 1.015449 1.020785 1.012702 1.021516 1.006777 1.030532 1.014800 1.016745 1.018918 1.021032 1.000334 1.020397 1.020212 1.022575 1.021142 1.018295 1.017765 
0.965311 0.957341 0.967357 0.964017 0.960262 0.966974 1.013965 1.012717 1.006385 1.006976 1.016010 1.006258 0.983057 0.978308 0.982478 0.979680 0.977924 0.970847 
1.038333 1.041181 1.041056 1.046311 1.048460 1.045284 1.019124 1.010843 1.012988 1.019423 0.999170 0.997574 1.038350 1.034990 1.036046 1.033948 1.034353 1.036131 
0.911479 0.904325 0.915819 0.905569 0.899264 0.906266 0.942474 0.937181 0.938606 0.929646 0.955466 0.949853 0.918720 0.918758 0.919960 0.921224 0.922779 0.922362 
1.027392 1.030808 1.023760 1.028630 1.032156 1.022809 1.035535 1.040854 1.040818 1.046454 1.046416 1.041126 1.032024 1.031781 1.030901 1.030525 1.028315 1.025091 
0.973083 0.977360 0.968491 0.964996 0.975580 0.954670 0.994434 0.989003 0.995826 0.975460 0.998869 0.970146 0.970327 0.973405 0.972776 0.973020 0.970072 0.969905 
1.010333 1.004720 1.002543 1.006730 0.999839 1.004193 0.978680 0.985530 0.982844 0.984599 0.988772 1.000527 0.991125 0.995075 0.991752 0.994552 0.997106 0.999423 
0.988859 0.983442 0.990013 0.990672 0.982626 1.000313 0.959903 0.957509 0.958356 0.954561 0.934446 0.958886 0.976398 0.975293 0.977461 0.976850 0.980006 0.985202 
1.001140 1.000193 0.999303 0.999571 0.997572 0.989634 1.014209 1.018956 1.018151 1.018430 1.027480 1.021485 0.998491 1.001502 0.998717 1.000575 0.999946 0.995725 
1.035622 1.034141 1.041224 1.037387 1.040785 1.046738 1.023563 1.011770 1.008859 1.010599 0.999009 0.991371 1.037540 1.034080 1.039054 1.035969 1.034899 1.039920 
0.930033 0.918482 0.928767 0.927331 0.912982 0.927187 0.913829 0.918359 0.918824 0.918218 0.925180 0.943095 0.920223 0.922237 0.920811 0.923646 0.927197 0.928350 
0.978113 0.969068 0.977952 0.971124 0.965128 0.958624 1.022568 1.020186 1.023270 1.008250 1.027470 1.017572 0.976254 0.979007 0.977004 0.978965 0.978968 0.970716 
0.963007 0.969000 0.953810 0.959505 0.963276 0.949261 0.971809 0.980556 0.979186 0.989472 0.997724 0.987199 0.962102 0.966012 0.961402 0.963486 0.960556 0.955831 
0.993326 0.982722 0.990424 0.988189 0.981828 0.987886 1.012851 1.010410 1.008818 1.006066 1.004867 1.009198 0.990219 0.989518 0.989431 0.989453 0.990945 0.985848 
1.017937 1.019922 1.023577 1.029366 1.031348 1.039935 0.981800 0.987386 0.985478 1.002429 0.976857 0.989249 1.017381 1.015769 1.016863 1.015073 1.015356 1.020494 
1.026489 1.026531 1.020393 1.025077 1.023875 1.024857 1.001922 1.000477 1.001694 1.006977 1.000339 1.005342 1.017834 1.018289 1.017735 1.018068 1.018577 1.022312 
0.981109 0.977529 0.977516 0.977710 0.975734 0.983449 0.970569 0.974377 0.971998 0.973919 0.978738 0.987466 0.977989 0.979218 0.977628 0.978857 0.980544 0.981564 
1.049295 1.059486 1.039006 1.045836 1.057495 1.040586 1.019201 1.017612 1.021925 1.025513 1.018724 1.002315 1.041091 1.042852 1.041099 1.040805 1.037913 1.042788 
0.996781 1.002213 0.993113 0.997422 1.004406 0.996173 1.002437 1.000549 0.998337 1.005944 1.014775 0.998486 1.008295 1.005974 1.006389 1.005025 1.002626 1.002006 
0.985522 0.990960 0.987387 0.989488 0.994597 0.987469 0.974913 0.976343 0.977173 0.982418 0.981412 0.976429 0.988055 0.988800 0.987033 0.987408 0.987055 0.987908 
0.974094 0.974875 0.977151 0.971802 0.970029 0.967081 0.990688 0.983932 0.989283 0.970170 0.986381 0.975884 0.973813 0.975082 0.974516 0.975840 0.976410 0.974745 
1.004459 1.002934 1.013192 1.006630 1.008884 1.008365 1.030068 1.022576 1.026205 1.024135 1.025911 1.015901 1.013250 1.012264 1.013911 1.012928 1.012739 1.012680 
1.023680 1.023642 1.021976 1.026483 1.024007 1.027302 1.004913 1.013299 1.016355 1.013355 1.009959 1.017940 1.019170 1.019835 1.018587 1.019427 1.019911 1.022218 
0.960196 0.947721 0.960491 0.963208 0.947831 0.959542 0.986404 0.993719 0.988745 1.001792 1.005521 1.019675 0.962093 0.962405 0.960013 0.961906 0.964390 0.956887 
0.999585 0.996135 0.992123 1.000777 0.995334 1.002647 0.992623 1.005907 0.998789 1.014576 1.013917 1.021308 1.004164 1.002880 1.001761 1.001837 1.001195 0.998714 
1.054796 1.051781 1.049745 1.052446 1.054522 1.041837 1.075601 1.082903 1.083920 1.082379 1.093207 1.080484 1.054437 1.056419 1.053757 1.054608 1.052500 1.047583 
0.971442 0.962206 0.972378 0.972075 0.962117 0.978805 0.943075 0.942263 0.942425 0.935352 0.932969 0.957337 0.962934 0.961640 0.963612 0.964038 0.967993 0.973820 
1.010736 1.012958 1.012240 1.010143 1.011621 1.009685 1.044437 1.034661 1.028144 1.035283 1.025507 1.014565 1.019850 1.017148 1.019177 1.016677 1.014492 1.006883 
1.017106 1.024976 1.023299 1.023261 1.025797 1.023695 1.019597 1.018810 1.014842 1.020792 1.031870 1.023193 1.021890 1.023012 1.022675 1.023290 1.022994 1.024388 
0.976974 0.969966 0.977211 0.975000 0.965480 0.972895 1.015320 1.011983 1.017471 1.002188 1.017744 1.015017 0.981946 0.981198 0.980020 0.980981 0.982880 0.976286 
0.996495 0.994145 0.998206 0.996852 0.996236 0.996228 0.991004 0.991804 0.991996 0.990490 0.994037 0.992489 0.996130 0.996322 0.996051 0.996391 0.996775 0.996804 
1.019598 1.015420 1.023637 1.024070 1.021023 1.023209 1.046336 1.039678 1.034193 1.039374 1.032299 1.023279 1.028911 1.024507 1.026741 1.024197 1.023287 1.015791 
1.001035 1.007520 0.999677 1.003015 1.007435 1.000944 1.016787 1.030272 1.025360 1.031203 1.035339 1.034353 1.009658 1.010089 1.009632 1.009290 1.007196 1.004244 
0.953678 0.950703 0.950122 0.946106 0.945974 0.941251 0.957964 0.961067 0.958022 0.958548 0.977578 0.971220 0.945220 0.950329 0.947971 0.950961 0.950258 0.951080 
1.004946 1.000180 1.017269 1.008258 1.004696 1.013415 1.042859 1.039113 1.032481 1.028245 1.031013 1.032269 1.018365 1.015125 1.020202 1.018162 1.017764 1.013986 
1.023432 1.024920 1.022539 1.025097 1.029816 1.030094 1.010585 1.018080 1.018451 1.026638 1.010266 1.017320 1.020888 1.021516 1.021284 1.020537 1.019586 1.021611 
1.013662 1.011212 1.013645 1.011772 1.009851 1.010587 1.020080 1.016790 1.013304 1.012950 1.005207 1.011653 1.011656 1.009975 1.011549 1.010852 1.011226 1.008548 
0.978092 0.973850 0.974672 0.973130 0.970284 0.974700 0.989705 0.985743 0.981209 0.979853 0.974731 0.979639 0.973672 0.973042 0.974907 0.974137 0.973672 0.971813 
0.956304 0.953119 0.959249 0.953575 0.949753 0.954786 0.992651 0.992266 0.985299 0.981785 0.997442 0.995520 0.965887 0.964562 0.965743 0.965817 0.966340 0.961011 
0.999263 0.999003 0.997764 0.998743 0.998525 0.994574 1.028368 1.024421 1.024372 1.024951 1.033419 1.020806 1.006211 1.005111 1.004572 1.004018 1.003814 0.999006 
0.962730 0.954094 0.965052 0.958389 0.955425 0.965911 0.928929 0.929464 0.926671 0.927679 0.927657 0.949118 0.951550 0.952977 0.955024 0.956348 0.959309 0.968576 
1.041992 1.041218 1.036826 1.039618 1.039816 1.049410 1.001827 1.009703 1.003813 1.005867 0.988768 1.010104 1.029619 1.029323 1.030428 1.030017 1.031080 1.035456 
0.915690 0.916256 0.925697 0.915785 0.914427 0.913734 0.970713 0.964970 0.958506 0.959778 0.980930 0.968753 0.935011 0.935028 0.936668 0.936886 0.934947 0.928388 
0.969228 0.969391 0.969460 0.965794 0.966307 0.971114 0.966720 0.968733 0.973492 0.966144 0.975645 0.978367 0.968333 0.970290 0.969500 0.970821 0.971701 0.974497 
1.000232 1.002353 0.998945 0.998880 1.001006 0.998575 1.007838 1.008347 0.997803 1.010042 1.012049 1.006682 1.005326 1.004312 1.004970 1.004295 1.002956 1.000062 
