0.000990533533264 0.001039085857516 0.000968025956756 0.001034146947332 0.001090378959375 0.001095611827579 0.000587694887073 0.000591973740097 0.000605656225267 0.000654794002116 0.000405454965670 0.000463538534150 0.000943499311325 0.000916856071938 0.000931979832510 0.000909108368106 0.000904294486206 0.000955476470821 
0.001039085857516 0.001091076432634 0.001017030062528 0.001084517758113 0.001145067690547 0.001149154212836 0.000617047061158 0.000616761399182 0.000632484411774 0.000679442122443 0.000417422932045 0.000474196156359 0.000989717586122 0.000961342940957 0.000978220000562 0.000953646086417 0.000948294039786 0.001002789123083 
0.000968025956756 0.001017030062528 0.000948912425002 0.001009736283134 0.001067205261771 0.001068561041121 0.000591191766227 0.000586568597467 0.000601481314356 0.000641306326638 0.000400603235673 0.000445511740662 0.000926111151327 0.000898908732668 0.000915513263069 0.000891900352188 0.000886111719774 0.000934843278087 
0.001034146947332 0.001084517758113 0.001009736283134 0.001080105161021 0.001138178768184 0.001145322507663 0.000601516616516 0.000608750463221 0.000622971457297 0.000676734572982 0.000413855846181 0.000480008687223 0.000982018387680 0.000954730069216 0.000969964353131 0.000946562739923 0.000942102298974 0.000997124477564 
0.001090378959375 0.001145067690547 0.001067205261771 0.001138178768184 0.001201829961630 0.001206575598949 0.000641598186951 0.000641370988664 0.000658216195711 0.000707462516277 0.000431095129003 0.000492293638396 0.001037046088187 0.001007418720686 0.001025129119844 0.000999421348898 0.000994005868363 0.001052210606383 
0.001095611827579 0.001149154212836 0.001068561041121 0.001145322507663 0.001206575598949 0.001218025046977 0.000598427606801 0.000609632458003 0.000626072519298 0.000685788629355 0.000398369406129 0.000481696894984 0.001030452271025 0.001002779301405 0.001018270118126 0.000994367202922 0.000991143688577 0.001055560918827 
0.000587694887073 0.000617047061158 0.000591191766227 0.000601516616516 0.000641598186951 0.000598427606801 0.000779754567861 0.000731777290058 0.000727945532361 0.000715693688036 0.000665328581921 0.000543387308550 0.000669627811852 0.000639119871609 0.000657675760945 0.000632882394348 0.000612688648803 0.000577193398137 
0.000591973740097 0.000616761399182 0.000586568597467 0.000608750463221 0.000641370988664 0.000609632458003 0.000731777290058 0.000710715038003 0.000702174931543 0.000715188970582 0.000654904301682 0.000569175285973 0.000661578124927 0.000634489614241 0.000647535123018 0.000626484019215 0.000609549352461 0.000578040218449 
0.000605656225267 0.000632484411774 0.000601481314356 0.000622971457297 0.000658216195711 0.000626072519298 0.000727945532361 0.000702174931543 0.000695968620898 0.000704869385963 0.000637673747225 0.000551898112460 0.000671346580933 0.000643764809648 0.000658062823970 0.000636264250357 0.000619376721489 0.000591562724290 
0.000654794002116 0.000679442122443 0.000641306326638 0.000676734572982 0.000707462516277 0.000685788629355 0.000715693688036 0.000715188970582 0.000704869385963 0.000739639635384 0.000653198707573 0.000602308674756 0.000708319474715 0.000682572884375 0.000692412537099 0.000672989879810 0.000658730878435 0.000635975107632 
0.000405454965670 0.000417422932045 0.000400603235673 0.000413855846181 0.000431095129003 0.000398369406129 0.000665328581921 0.000654904301682 0.000637673747225 0.000653198707573 0.000651926783330 0.000553193155583 0.000495773783830 0.000473630397580 0.000481281972994 0.000465388235312 0.000448570895832 0.000397535467603 
0.000463538534150 0.000474196156359 0.000445511740662 0.000480008687223 0.000492293638396 0.000481696894984 0.000543387308550 0.000569175285973 0.000551898112460 0.000602308674756 0.000553193155583 0.000529434564476 0.000511874340934 0.000495025264184 0.000496343864736 0.000485304316035 0.000475544393875 0.000448083666356 
0.000943499311325 0.000989717586122 0.000926111151327 0.000982018387680 0.001037046088187 0.001030452271025 0.000669627811852 0.000661578124927 0.000671346580933 0.000708319474715 0.000495773783830 0.000511874340934 0.000926712620748 0.000897653271412 0.000914342211310 0.000889786837822 0.000880828219021 0.000912657159404 
0.000916856071938 0.000961342940957 0.000898908732668 0.000954730069216 0.001007418720686 0.001002779301405 0.000639119871609 0.000634489614241 0.000643764809648 0.000682572884375 0.000473630397580 0.000495025264184 0.000897653271412 0.000869968366748 0.000885539120568 0.000862199844602 0.000854069757062 0.000886426572032 
0.000931979832510 0.000978220000562 0.000915513263069 0.000969964353131 0.001025129119844 0.001018270118126 0.000657675760945 0.000647535123018 0.000658062823970 0.000692412537099 0.000481281972994 0.000496343864736 0.000914342211310 0.000885539120568 0.000902498997777 0.000878024858451 0.000869170912530 0.000901684202931 
0.000909108368106 0.000953646086417 0.000891900352188 0.000946562739923 0.000999421348898 0.000994367202922 0.000632882394348 0.000626484019215 0.000636264250357 0.000672989879810 0.000465388235312 0.000485304316035 0.000889786837822 0.000862199844602 0.000878024858451 0.000854675174012 0.000846534075697 0.000879104375587 
0.000904294486206 0.000948294039786 0.000886111719774 0.000942102298974 0.000994005868363 0.000991143688577 0.000612688648803 0.000609549352461 0.000619376721489 0.000658730878435 0.000448570895832 0.000475544393875 0.000880828219021 0.000854069757062 0.000869170912530 0.000846534075697 0.000839187955937 0.000873923280488 
0.000955476470821 0.001002789123083 0.000934843278087 0.000997124477564 0.001052210606383 0.001055560918827 0.000577193398137 0.000578040218449 0.000591562724290 0.000635975107632 0.000397535467603 0.000448083666356 0.000912657159404 0.000886426572032 0.000901684202931 0.000879104375587 0.000873923280488 0.000922111191189 
