0.000940897984654 0.000893068410662 0.000843142998487 0.000866209139180 0.000765300354968 0.000822394703977 0.000490726024069 0.000517279244665 0.000490872359594 0.000476818944207 0.000331004038929 0.000345718393178 0.000213341209796 0.000152133264173 0.000322591731033 0.000309489390511 0.000323149141694 0.000258252282462 
0.000893068410662 0.001048915314657 0.000849900410144 0.000856833463293 0.000748189601647 0.000829637372515 0.000474422128261 0.000490706214911 0.000490876692615 0.000471785803299 0.000347068985357 0.000358602131902 0.000221498454264 0.000144139868907 0.000348980942611 0.000337484150728 0.000355263288633 0.000283332362199 
0.000843142998487 0.000849900410144 0.000916225155969 0.000927158829442 0.000823539154077 0.000869449170479 0.000582588690292 0.000583142154954 0.000566977678939 0.000564756021360 0.000450770497219 0.000461260401051 0.000223089347091 0.000175817169261 0.000324397925701 0.000313284365676 0.000324936338728 0.000269358140956 
0.000866209139180 0.000856833463293 0.000927158829442 0.000992743458266 0.000830639389227 0.000868183980454 0.000591232922409 0.000613210351910 0.000561263314919 0.000562512367900 0.000422973575215 0.000448987823071 0.000201594942398 0.000191071852185 0.000325954475894 0.000315711733327 0.000326593372909 0.000266076335292 
0.000765300354968 0.000748189601647 0.000823539154077 0.000830639389227 0.000901793699460 0.000887441734716 0.000597707956703 0.000610384001114 0.000560314054378 0.000553781703419 0.000471796272293 0.000487327264471 0.000258813750258 0.000177093208104 0.000255769990620 0.000238504515524 0.000259069023270 0.000201165609925 
0.000822394703977 0.000829637372515 0.000869449170479 0.000868183980454 0.000887441734716 0.000951238059088 0.000630140450837 0.000643890641143 0.000588928383583 0.000578700293484 0.000456318686530 0.000480939625145 0.000253006465603 0.000136538717337 0.000274880983989 0.000261430297823 0.000273822674646 0.000205265115309 
0.000490726024069 0.000474422128261 0.000582588690292 0.000591232922409 0.000597707956703 0.000630140450837 0.002152108331845 0.002123908346558 0.002046836625100 0.002064772124268 0.001925021127134 0.001985708371308 0.001732097364732 0.001688848348024 0.001740568729050 0.001733812354680 0.001625241906640 0.001593899655128 
0.000517279244665 0.000490706214911 0.000583142154954 0.000613210351910 0.000610384001114 0.000643890641143 0.002123908346558 0.002303757720839 0.002087802815677 0.002095941385574 0.001923988105624 0.002010981871231 0.001738930070673 0.001683349444867 0.001764003432338 0.001752795808995 0.001656153781971 0.001615637770136 
0.000490872359594 0.000490876692615 0.000566977678939 0.000561263314919 0.000560314054378 0.000588928383583 0.002046836625100 0.002087802815677 0.002115145987764 0.002119919718215 0.001978228042499 0.002031100698241 0.001804722675948 0.001738181217654 0.001800442369061 0.001801855896706 0.001719733682496 0.001687382694902 
0.000476818944207 0.000471785803299 0.000564756021360 0.000562512367900 0.000553781703419 0.000578700293484 0.002064772124268 0.002095941385574 0.002119919718215 0.002185068343996 0.001975607832184 0.002023449523168 0.001808089879852 0.001767181029220 0.001792337032670 0.001801055357726 0.001690258693479 0.001673097054072 
0.000331004038929 0.000347068985357 0.000450770497219 0.000422973575215 0.000471796272293 0.000456318686530 0.001925021127134 0.001923988105624 0.001978228042499 0.001975607832184 0.002049447428560 0.002031746959079 0.001804895670750 0.001763546669982 0.001772672145183 0.001770938250173 0.001720808899713 0.001708385050885 
0.000345718393178 0.000358602131902 0.000461260401051 0.000448987823071 0.000487327264471 0.000480939625145 0.001985708371308 0.002010981871231 0.002031100698241 0.002023449523168 0.002031746959079 0.002087980925886 0.001832381532717 0.001789542686510 0.001800576328085 0.001799475559440 0.001715297037095 0.001701283580552 
0.000213341209796 0.000221498454264 0.000223089347091 0.000201594942398 0.000258813750258 0.000253006465603 0.001732097364732 0.001738930070673 0.001804722675948 0.001808089879852 0.001804895670750 0.001832381532717 0.002083553191580 0.002004767701727 0.001990670544206 0.002008758726590 0.001906986166292 0.001930277904302 
0.000152133264173 0.000144139868907 0.000175817169261 0.000191071852185 0.000177093208104 0.000136538717337 0.001688848348024 0.001683349444867 0.001738181217654 0.001767181029220 0.001763546669982 0.001789542686510 0.002004767701727 0.002123322917403 0.001962413541721 0.001974603845431 0.001850057152945 0.001898731181102 
0.000322591731033 0.000348980942611 0.000324397925701 0.000325954475894 0.000255769990620 0.000274880983989 0.001740568729050 0.001764003432338 0.001800442369061 0.001792337032670 0.001772672145183 0.001800576328085 0.001990670544206 0.001962413541721 0.002055309245613 0.002062223645720 0.001958015693789 0.001968236117045 
0.000309489390511 0.000337484150728 0.000313284365676 0.000315711733327 0.000238504515524 0.000261430297823 0.001733812354680 0.001752795808995 0.001801855896706 0.001801055357726 0.001770938250173 0.001799475559440 0.002008758726590 0.001974603845431 0.002062223645720 0.002122562097370 0.001949764026724 0.001960505286348 
0.000323149141694 0.000355263288633 0.000324936338728 0.000326593372909 0.000259069023270 0.000273822674646 0.001625241906640 0.001656153781971 0.001719733682496 0.001690258693479 0.001720808899713 0.001715297037095 0.001906986166292 0.001850057152945 0.001958015693789 0.001949764026724 0.002031952417342 0.001988448290565 
0.000258252282462 0.000283332362199 0.000269358140956 0.000266076335292 0.000201165609925 0.000205265115309 0.001593899655128 0.001615637770136 0.001687382694902 0.001673097054072 0.001708385050885 0.001701283580552 0.001930277904302 0.001898731181102 0.001968236117045 0.001960505286348 0.001988448290565 0.002015842754350 
