0.118909234002737
0.259028691771834
0.271394341775039
0.253969688932255
0.269560819313329
0.284261196557301
0.282341353611717
0.188759979891936
0.187440199245345
0.189554371001046
0.200644875102841
0.143587347209922
0.147455410618925
0.255725925454694
0.247706865561358
0.252086680141500
0.245393749215785
0.242823632418491
0.250533811632004
0.041141335976882
-0.156130830745428
-0.171194007319393
-0.145934010634946
-0.173761564641961
-0.187097133256908
-0.227872884077281
0.374247074368080
0.354491329377915
0.328915348657581
0.310638801058598
0.460019204468697
0.311418704381466
-0.028485091095893
-0.037129357327792
-0.036697794711874
-0.040958229936297
-0.056857380767095
-0.142973737432661
0.011002755100879
0.069062987400753
-0.016782615405945
-0.084537014115087
0.114528006096589
-0.020921164391891
0.157119987647563
-0.566816724502083
-0.101342155610584
-0.199373438629322
0.241822921563365
0.135538189735394
0.691262536155104
-0.075067710761019
-0.022171541095779
-0.118252407477698
-0.056586685230117
-0.009036734660622
0.013152388355931
