1.000000000000000 0.898965956707657 0.908089936828145 0.896257856027028 0.830820200249191 0.869289485624881 0.344854388000184 0.351346298152434 0.347958247743215 0.332544462182022 0.238365628984171 0.246653880934475 0.152370603715440 0.107632862584223 0.231976170029304 0.219000090442995 0.233708748994857 0.187518695624059 
0.898965956707657 1.000000000000000 0.866955327717439 0.839668167812815 0.769286048924191 0.830564730677450 0.315764032640032 0.315669733353422 0.329558126058250 0.311632068514621 0.236715775530718 0.242314493047636 0.149829796814935 0.096584155305457 0.237680148555260 0.226179357635337 0.243345517961028 0.194848758623147 
0.908089936828145 0.866955327717439 1.000000000000000 0.972152764964244 0.906002816512272 0.931319041671553 0.414886094650112 0.401379261651850 0.407281498550057 0.399141836799539 0.328954617419674 0.333489222302238 0.161463897149200 0.126052700430190 0.236395048038548 0.224650512628019 0.238144420019491 0.198198641855874 
0.896257856027028 0.839668167812815 0.972152764964244 1.000000000000000 0.877890615152084 0.893405541738210 0.404490222427287 0.405482914059571 0.387327173014640 0.381927601997641 0.296535250928699 0.311855050797859 0.140171209028975 0.131604328315592 0.228191700148322 0.217491357138597 0.229949295906085 0.188087271924307 
0.830820200249191 0.769286048924191 0.906002816512272 0.877890615152084 1.000000000000000 0.958167953459736 0.429045522868935 0.423478281001165 0.405702555918451 0.394504981814233 0.347042382010562 0.355143481389413 0.188812808139226 0.127979462973391 0.187869985244122 0.172390291914190 0.191383777570147 0.149201027495900 
0.869289485624881 0.830564730677450 0.931319041671553 0.893405541738210 0.958167953459736 1.000000000000000 0.440413563800990 0.434959781486147 0.415190782001014 0.401399272402623 0.326817462334185 0.341257879629082 0.179715160309742 0.096073405658329 0.196590034913458 0.183984444649037 0.196955463394775 0.148232083344267 
0.344854388000184 0.315764032640032 0.414886094650112 0.404490222427287 0.429045522868935 0.440413563800990 1.000000000000000 0.953861467680249 0.959358529344613 0.952154778391143 0.916610957359049 0.936742314859217 0.817971063641245 0.790042701454819 0.827600080771802 0.811222198837151 0.777193537500874 0.765245150785785 
0.351346298152434 0.315669733353422 0.401379261651850 0.405482914059571 0.423478281001165 0.434959781486147 0.953861467680249 1.000000000000000 0.945803470294105 0.934174952553434 0.885453154995213 0.916909537396139 0.793709209851028 0.761110747614529 0.810666890939620 0.792652295915894 0.765465271542318 0.749716846268140 
0.347958247743215 0.329558126058250 0.407281498550057 0.387327173014640 0.405702555918451 0.415190782001014 0.959358529344613 0.945803470294105 1.000000000000000 0.986090393386379 0.950140408935202 0.966491453624990 0.859682339691892 0.820194504763821 0.863516146397018 0.850393004753877 0.829534125095087 0.817175036193540 
0.332544462182022 0.311632068514621 0.399141836799539 0.381927601997641 0.394504981814233 0.401399272402623 0.952154778391143 0.934174952553434 0.986090393386379 1.000000000000000 0.933576337154060 0.947319765615215 0.847393652750777 0.820428057999806 0.845762796729336 0.836304332380901 0.802165350645124 0.797187161523536 
0.238365628984171 0.236715775530718 0.328954617419674 0.296535250928699 0.347042382010562 0.326817462334185 0.916610957359049 0.885453154995213 0.950140408935202 0.933576337154060 1.000000000000000 0.982172937823520 0.873436659363231 0.845396688569002 0.863716947647560 0.849092147840924 0.843252204737834 0.840502569133174 
0.246653880934475 0.242314493047636 0.333489222302238 0.311855050797859 0.355143481389413 0.341257879629082 0.936742314859217 0.916909537396139 0.966491453624990 0.947319765615215 0.982172937823520 1.000000000000000 0.878517357549544 0.849905765008629 0.869179920439538 0.854776328303133 0.832758946429765 0.829249314290221 
0.152370603715440 0.149829796814935 0.161463897149200 0.140171209028975 0.188812808139226 0.179715160309742 0.817971063641245 0.793709209851028 0.859682339691892 0.847393652750777 0.873436659363231 0.878517357549544 1.000000000000000 0.953133506953421 0.961963306068504 0.955202120750664 0.926805238026631 0.941866211515551 
0.107632862584223 0.096584155305457 0.126052700430190 0.131604328315592 0.127979462973391 0.096073405658329 0.790042701454819 0.761110747614529 0.820194504763821 0.820428057999806 0.845396688569002 0.849905765008629 0.953133506953421 1.000000000000000 0.939385647621150 0.930125931466362 0.890677239815073 0.917755789545764 
0.231976170029304 0.237680148555260 0.236395048038548 0.228191700148322 0.187869985244122 0.196590034913458 0.827600080771802 0.810666890939620 0.863516146397018 0.845762796729336 0.863716947647560 0.869179920439538 0.961963306068504 0.939385647621150 1.000000000000000 0.987340545651509 0.958122002703495 0.966963949378192 
0.219000090442995 0.226179357635337 0.224650512628019 0.217491357138597 0.172390291914190 0.183984444649037 0.811222198837151 0.792652295915894 0.850393004753877 0.836304332380901 0.849092147840924 0.854776328303133 0.955202120750663 0.930125931466362 0.987340545651509 1.000000000000000 0.938847564745272 0.947784254058492 
0.233708748994857 0.243345517961028 0.238144420019491 0.229949295906085 0.191383777570147 0.196955463394775 0.777193537500874 0.765465271542318 0.829534125095087 0.802165350645124 0.843252204737834 0.832758946429765 0.926805238026631 0.890677239815074 0.958122002703495 0.938847564745272 1.000000000000000 0.982492420796234 
0.187518695624059 0.194848758623147 0.198198641855874 0.188087271924307 0.149201027495900 0.148232083344267 0.765245150785785 0.749716846268140 0.817175036193540 0.797187161523536 0.840502569133174 0.829249314290221 0.941866211515551 0.917755789545764 0.966963949378192 0.947784254058492 0.982492420796234 1.000000000000000 
