0.000002478472344
0.000002137620307
0.000001070050180
0.000001244193562
0.000000715918515
0.000001087256027
0.000000802063287
0.000002229763418
0.000001952419379
0.000002106682943
0.000001683787281
0.000000849184929
0.000001525253069
0.000008403350544
0.000003164273204
0.000003113950463
0.000053796999504
0.000013405585778
0.000070052951198
0.000002407747519
0.000211997142536
0.000021259598258
0.000035409084615
0.000005048109035
0.000000560031285
0.000159774430252
0.000074367925752
0.000006969846314
0.000009963906364
0.000003320206652
0.000009618865861
0.000000000000000
0.000001351751585
0.000036832741600
0.000012740121721
0.000001201630872
0.000002192707418
0.000002713087898
0.000001557534027
0.000000000000000
0.000001505341248
0.000031553347227
0.000001795601394
0.000001450565530
0.001343854230513
0.000002282134390
0.000011308815427
0.000017057125279
0.000000434094818
0.000000448966278
0.000000473282832
0.000000391589545
0.000000394837847
0.000000386080661
0.000000382042733
0.000000479807320
