0.000000416746214
0.000000130115921
0.000000218696919
0.000000094139705
0.000000432707364
0.000000283390317
0.000000494453719
0.000000275713451
0.000000087489794
0.000000411240060
0.000000013787538
0.000000006323338
0.000000006202628
0.000000003426915
0.000000001110956
0.000000000211512
0.000000000425915
0.000000149000850
0.000000261901099
0.000000001960189
0.000000021257069
0.000000005031772
0.000000346007573
0.000000239800587
0.000000112405369
0.000000020165824
0.000000032023671
0.000000000001332
0.000000011890953
0.000000000562053
0.000000055264681
0.000000049778601
0.000000031704580
0.000000036579193
0.000000119498981