1.000000000000000 0.012924932461733 0.161946614119078 -0.012167328211625 0.524462164151276 0.069823165768932 0.173591509366445 0.029774254364470 0.658830777716282 0.065480083480474 -0.014299031505227 0.047577131636147 0.119678969227045 0.044516407639831 0.068788497415242 0.033044925655957 0.068836693122762 0.069664388492363 0.066511512071992 0.067993657535388 0.066784356395741 0.065890278091490 0.070825844886946 0.068060359355668 0.066333820510839 0.058764382267101 0.074614954826109 0.066367991399991 0.063374316687059 0.044843788347994 0.065327371337583 0.059182450373778 0.065616166301745 0.068720052554814 0.068719241865232 0.067392325300193 0.056935334911673 0.063466643767261 0.068706409925865 0.048915820119630 0.065200238297014 0.067937122888700 
0.012924932461733 1.000000000000000 -0.028078791694569 0.005851386257265 -0.006815132043609 0.036711279005831 -0.044562389031034 0.010948778566197 -0.014534559507155 -0.000750523606429 0.002007762043790 0.006749817700619 0.032787000571002 0.081831131739428 -0.002359953047247 -0.005312427004771 -0.003330308493297 0.000422094535452 -0.006862182699122 -0.005618147195803 -0.005784561782014 -0.018360806876386 -0.005738671050128 -0.002855752978050 -0.003834590997524 -0.010829318165432 -0.000289679618275 -0.004597654055949 0.001798440217613 -0.017262629925076 -0.012047894946474 -0.005422935737700 0.000163025556047 -0.003559151736750 -0.000742611242848 0.003583297058896 0.004169989865805 -0.014991903820974 0.001409830702574 -0.005902442170919 -0.000879953083862 -0.001280133290175 
0.161946614119078 -0.028078791694569 1.000000000000000 -0.075310395393014 0.125879024643308 0.038101888041818 0.163749698069858 0.073896987912179 0.057015175094418 0.234106674167136 0.143563632229411 0.053170684487941 0.061074777607953 0.101547856577956 -0.036730638510026 -0.036603393989850 -0.032249805460480 -0.017697498046575 -0.034239869269451 -0.034031489516290 -0.033999122078654 -0.031143380891438 -0.034061994011018 -0.037175916239128 -0.046346822211762 -0.052507739390712 -0.034871572153398 -0.036852238829050 -0.037080160407362 -0.033752100271548 -0.030359890390247 -0.027690970733823 -0.037255084927124 -0.038621806896142 -0.040871997765277 -0.040942180268117 -0.051579149782850 -0.035740524415331 -0.038768109733004 -0.017502255694157 -0.037472545498978 -0.035413371526040 
-0.012167328211625 0.005851386257265 -0.075310395393014 1.000000000000000 -0.027903509972076 0.039609968037738 -0.065516082698634 0.069431497513384 -0.008011647675814 -0.061501565040024 -0.009919097598201 -0.001513918921441 0.048773365894483 0.029929185633641 0.033134569104691 0.003093868662008 0.029387661137664 0.025583100223935 0.037772665004576 0.031981149547438 0.028759001872657 0.025535620466524 0.046960802316964 0.031858016007707 0.033493843021164 0.003527534083526 0.030052581584830 0.031269032596286 0.028564893222562 0.015774333719355 0.027970580630445 0.021795413678997 0.030012681690771 0.029162816224915 0.027959397580204 0.027492973955011 0.028612778254509 0.027090061392983 0.041676350272844 0.015618534614324 0.029607096893211 0.029127046189465 
0.524462164151276 -0.006815132043609 0.125879024643308 -0.027903509972076 1.000000000000000 0.000367513141769 0.040573620212504 0.038362793412083 0.697693280737009 0.085136228140691 0.167113825225438 0.023433374675110 0.048564052201324 0.062422410618592 -0.000347802829356 0.015097275529476 0.001178813002252 0.002093773523226 0.005542338095833 -0.002561203295596 -0.003565767371502 0.002472118115891 0.015939939731039 0.001242764742596 -0.001213236927387 -0.010366768152312 0.006669038594962 -0.002159084548618 -0.002444107034473 -0.022995482511543 -0.004719153110951 0.000678860146097 -0.003351469852631 -0.002109389136143 -0.005848965427534 -0.003780076418749 -0.000176234685255 -0.001333873445600 -0.004924098564944 -0.006270892755559 -0.001778898667253 -0.002945409845498 
0.069823165768932 0.036711279005831 0.038101888041818 0.039609968037738 0.000367513141769 1.000000000000000 -0.094310687093315 0.055814290463857 0.035911260949477 0.193623612799492 0.038137615654393 -0.031581582685783 0.161575862039898 0.096524421648367 0.000574696990640 -0.002807172124754 -0.000659981991655 0.002832785590756 0.004440226865063 0.016458748459173 -0.008799153063459 -0.008257913997826 -0.016703350451302 0.006765248000014 -0.007087898977300 -0.003483321537002 -0.004453780346145 -0.005764076488949 -0.002425149610678 -0.004614399884337 -0.005041923285484 -0.006909334216379 -0.002250004588693 -0.005019752975110 -0.005437637026566 -0.002850607279696 -0.009775686863055 -0.004799700544631 -0.003983050386114 -0.009078175636571 -0.007155634335560 -0.005877043081691 
0.173591509366445 -0.044562389031034 0.163749698069858 -0.065516082698634 0.040573620212504 -0.094310687093315 1.000000000000000 -0.007497118867617 0.016443092947404 0.059308048279526 0.119784676942595 0.078274674560991 -0.017452082078153 0.069268286711169 -0.005590769873740 -0.013868479572627 -0.000802838899153 0.014085583760562 -0.002674818965863 -0.005107289594378 -0.006590050801728 0.005431464316448 0.000522526239678 -0.000574863540652 -0.002839983922938 -0.006484341695810 -0.002634775684777 0.000676755150331 -0.011824182989267 -0.032151959265771 -0.007422025201432 -0.005063112879013 -0.005827770046065 -0.004982605588339 -0.005476780393155 -0.003918460772000 -0.012905677837603 -0.000389495997246 -0.008371792206270 -0.015162187701506 -0.003618582994460 -0.003448073603291 
0.029774254364470 0.010948778566197 0.073896987912179 0.069431497513384 0.038362793412083 0.055814290463857 -0.007497118867617 1.000000000000000 0.008388838423135 0.007586134535859 0.081486491407665 0.001984446820650 0.049296308609976 0.019914878234384 -0.002966378400851 -0.008112971687515 -0.004890475126179 0.002720270226549 0.001094262447557 0.004981549268916 -0.001514576978493 0.001976059058739 0.007100121251585 -0.009370283915381 -0.001090888767619 0.000247434484711 -0.003787370985794 -0.002178586273167 -0.006346130493885 -0.002513840295652 -0.004384763947665 0.000550072057054 -0.002003243207621 -0.003978715081954 -0.003567285718171 -0.002187975740427 -0.004517904069835 -0.002676420352359 0.009074133095603 -0.006663965696865 -0.005355768328850 -0.004845551759761 
0.658830777716282 -0.014534559507155 0.057015175094418 -0.008011647675814 0.697693280737009 0.035911260949477 0.016443092947404 0.008388838423135 1.000000000000000 0.069968840646062 -0.001640127479023 -0.014872958814117 0.021237900659777 0.035509605791497 0.000765468558929 -0.003388798351706 0.000189607573265 0.004069850952634 0.005003968065339 0.000265902711735 -0.000070244309454 0.000819044334197 0.011674141123547 0.002292710572902 0.000807695170025 -0.001449080116863 0.010667011956358 0.000975818951117 -0.001971933842483 0.003812818959009 0.000384346020014 -0.001107543379295 -0.000198419323772 0.000764866054300 -0.001213735013201 -0.001164683859153 -0.001102283650233 0.001389863567849 0.002246050429717 0.003660444489843 -0.000480414948573 -0.000244443634041 
0.065480083480474 -0.000750523606429 0.234106674167136 -0.061501565040024 0.085136228140691 0.193623612799492 0.059308048279526 0.007586134535859 0.069968840646062 1.000000000000000 0.020933899967146 -0.013924029828078 0.203635602128958 0.082416617405147 0.000273070152418 -0.003532311406627 0.000925059976041 0.007374110055582 0.000280373359106 0.001674501183582 0.004282807195365 -0.000853647334968 0.006992367112057 0.001303755100091 -0.004380965300436 0.002324694693340 -0.002044257198630 0.000015863515742 0.001422874861522 0.020723704547505 0.000326347465990 -0.002273788766650 0.001337450831027 -0.001596001758614 -0.001792934771689 -0.000720779078898 0.005872857085809 -0.000927220476855 0.005078330991813 0.001432651930734 -0.001480000225807 0.001595020186933 
-0.014299031505227 0.002007762043790 0.143563632229411 -0.009919097598201 0.167113825225438 0.038137615654393 0.119784676942595 0.081486491407665 -0.001640127479023 0.020933899967146 1.000000000000000 0.045761404866117 0.004386265849569 0.021387509501188 -0.004974997699184 -0.004950406275783 0.006035107904813 0.009262730062556 0.008920065244357 0.005667774692987 -0.000315413182224 0.011140075768904 0.004426039620884 -0.001638240551210 -0.001271802179058 -0.004268309892955 -0.000870111527677 0.001152985558171 0.002198026553448 0.019440279610205 0.001728585488049 0.000334997175143 0.005680908732307 0.000812743303481 -0.003887758231629 -0.002316603178805 0.018495870565332 0.006909763309883 -0.003614148022551 -0.072021288784999 0.001795611536233 -0.000074784028298 
0.047577131636147 0.006749817700619 0.053170684487941 -0.001513918921441 0.023433374675110 -0.031581582685783 0.078274674560991 0.001984446820650 -0.014872958814117 -0.013924029828078 0.045761404866117 1.000000000000000 0.002556000663717 0.035569293493815 0.001429591263665 -0.007532092373746 0.004788118508705 0.013513022893547 0.001722026047555 -0.001796257046366 0.004924008479689 -0.003579896554470 0.001864108257588 0.006397107488771 0.007044856659479 -0.011569505159794 0.004217470465798 0.002301500912658 0.004816560453338 -0.016433001676473 0.001149999504823 0.001800164514872 0.009483795304633 -0.004409593454844 0.003517761335727 -0.001706118312413 0.002083708402491 0.003594181021069 0.002193523324193 -0.007819190449424 0.004299325695396 0.001760060249613 
0.119678969227045 0.032787000571002 0.061074777607953 0.048773365894483 0.048564052201324 0.161575862039898 -0.017452082078153 0.049296308609976 0.021237900659777 0.203635602128958 0.004386265849569 0.002556000663717 1.000000000000000 0.184303161941235 0.000106837238574 -0.002879929983372 -0.002807278511222 0.020383945709795 -0.001400340253356 0.000421999848282 0.009297548183925 -0.002898456781644 0.015369765953138 0.002614427576687 -0.015361165660398 0.005309875153196 0.001161214076841 -0.003343029022234 -0.006557629510495 -0.020624722409578 -0.004737008219851 -0.009274532334763 -0.003843572894469 -0.005868372392728 -0.001114391144160 -0.005419264295411 -0.003458998369499 -0.006585326951234 -0.005646818398988 0.000048931462628 -0.006187233487857 0.001843330623157 
0.044516407639831 0.081831131739428 0.101547856577956 0.029929185633641 0.062422410618592 0.096524421648367 0.069268286711169 0.019914878234384 0.035509605791497 0.082416617405147 0.021387509501188 0.035569293493815 0.184303161941235 1.000000000000000 -0.011757413425150 -0.012972692303753 -0.004412185571134 -0.008558722262856 -0.007215350626930 -0.014951713134286 -0.017015810119790 -0.020758341598824 -0.012216774169779 0.015136669214659 -0.014066631032482 -0.011956711514827 -0.006331242756062 -0.011582014612944 -0.011227243097507 -0.017996810005616 -0.014295084969633 -0.010845596824099 -0.011790708235826 -0.014213909499189 -0.007519074193322 -0.001697037673352 -0.015248477935420 -0.013688211078931 -0.022969365332930 0.022363556018515 -0.013211426846995 -0.013371023418917 
0.068788497415242 -0.002359953047247 -0.036730638510026 0.033134569104691 -0.000347802829356 0.000574696990640 -0.005590769873740 -0.002966378400851 0.000765468558929 0.000273070152418 -0.004974997699184 0.001429591263665 0.000106837238574 -0.011757413425150 1.000000000000000 0.784910955712991 0.993564936543662 0.970588280124852 0.996099125188653 0.993017052759205 0.993890028240296 0.987118817182171 0.982502900102732 0.991513388570396 0.985691654549326 0.852191865351760 0.995417004528369 0.995361053332422 0.992477853142665 0.711762700705859 0.993491988967308 0.969981708400398 0.992330021586536 0.993288519123465 0.993633020387764 0.988333418694728 0.974471830271167 0.991683942164841 0.986959634881945 0.831081646858747 0.995482836000836 0.995258697049691 
0.033044925655957 -0.005312427004771 -0.036603393989850 0.003093868662008 0.015097275529476 -0.002807172124754 -0.013868479572627 -0.008112971687515 -0.003388798351706 -0.003532311406627 -0.004950406275783 -0.007532092373746 -0.002879929983372 -0.012972692303753 0.784910955712991 1.000000000000000 0.785299155832175 0.766368219242531 0.784358908875151 0.785880602518956 0.786898950430122 0.781795771906738 0.760907121299058 0.784462035701342 0.782463582795463 0.679201654736679 0.786113555984678 0.788356489010004 0.784664756778013 0.555350347006071 0.787276607999481 0.765185658598152 0.784580894430005 0.785678525945604 0.784611508798976 0.787628652980134 0.771991347972058 0.782145752526456 0.782857191015356 0.654078302324856 0.787377730146830 0.788065717974454 
0.068836693122762 -0.003330308493297 -0.032249805460480 0.029387661137664 0.001178813002252 -0.000659981991655 -0.000802838899153 -0.004890475126179 0.000189607573265 0.000925059976041 0.006035107904813 0.004788118508705 -0.002807278511222 -0.004412185571134 0.993564936543662 0.785299155832175 1.000000000000000 0.972030002252777 0.992877447158283 0.994380069115851 0.995143704355780 0.988897027886538 0.968973202796725 0.994339708907362 0.988396594786015 0.850758587249659 0.996421431236031 0.996731103923359 0.993408126654137 0.713223460427969 0.994788171931642 0.971550780504021 0.993582729014437 0.994206411618267 0.994630230812647 0.989478891540487 0.975336048905262 0.993162015745765 0.987429082882331 0.830239874699454 0.996207924881967 0.996619367442824 
0.069664388492363 0.000422094535452 -0.017697498046575 0.025583100223935 0.002093773523226 0.002832785590756 0.014085583760562 0.002720270226549 0.004069850952634 0.007374110055582 0.009262730062556 0.013513022893547 0.020383945709795 -0.008558722262856 0.970588280124852 0.766368219242531 0.972030002252777 1.000000000000000 0.971190308698150 0.973119187485100 0.971505711644267 0.964512287840306 0.948979166639069 0.971288927581490 0.965677849232284 0.831314611164310 0.974533823020274 0.974304071963199 0.971584489311114 0.695590394271269 0.973120078635616 0.949482637747944 0.972389013494468 0.971631480949015 0.971965366100092 0.965951631780124 0.955534531385832 0.971488877258023 0.966697309264862 0.808114614972484 0.974055611121097 0.974480876410751 
0.066511512071992 -0.006862182699122 -0.034239869269451 0.037772665004576 0.005542338095833 0.004440226865063 -0.002674818965863 0.001094262447557 0.005003968065339 0.000280373359106 0.008920065244357 0.001722026047555 -0.001400340253356 -0.007215350626930 0.996099125188653 0.784358908875151 0.992877447158283 0.971190308698150 1.000000000000000 0.993047771843537 0.992639270781130 0.987607472719799 0.983997318559898 0.992036479323536 0.986944046889984 0.849148144844304 0.995183919999204 0.995394553207125 0.991720308342769 0.712672867957008 0.993702111471109 0.968802409071519 0.991928980408872 0.993116156697149 0.993245351411256 0.988194113508781 0.972997000134382 0.992015607055355 0.987097207636103 0.828346218077528 0.995866251874357 0.995353941256712 
0.067993657535388 -0.005618147195803 -0.034031489516290 0.031981149547438 -0.002561203295596 0.016458748459173 -0.005107289594378 0.004981549268916 0.000265902711735 0.001674501183582 0.005667774692987 -0.001796257046366 0.000421999848282 -0.014951713134286 0.993017052759205 0.785880602518956 0.994380069115851 0.973119187485100 0.993047771843537 1.000000000000000 0.994918894422978 0.988490793800874 0.968064692304211 0.993769159538716 0.989331176850799 0.852831080210818 0.996847267713216 0.997182473656087 0.994194398909709 0.713753473992122 0.995244289680409 0.971254598144235 0.994570419112269 0.996582399691710 0.995047012128032 0.989794132423664 0.974486717054929 0.994319698096456 0.988725216723369 0.830947045325966 0.996428313479584 0.996979433168676 
0.066784356395741 -0.005784561782014 -0.033999122078654 0.028759001872657 -0.003565767371502 -0.008799153063459 -0.006590050801728 -0.001514576978493 -0.000070244309454 0.004282807195365 -0.000315413182224 0.004924008479689 0.009297548183925 -0.017015810119790 0.993890028240296 0.786898950430122 0.995143704355780 0.971505711644267 0.992639270781130 0.994918894422978 1.000000000000000 0.988367809398048 0.968836686883895 0.992600121872230 0.988267845414659 0.852526102317049 0.996530196715697 0.996776367702211 0.993556008360819 0.712528633932979 0.994830714321462 0.971494218493510 0.993611354611758 0.994348403307006 0.994824348858427 0.989316007507378 0.974952412553994 0.993185493941972 0.988422098309692 0.830353135538194 0.996098925344281 0.997098468022706 
0.065890278091490 -0.018360806876386 -0.031143380891438 0.025535620466524 0.002472118115891 -0.008257913997826 0.005431464316448 0.001976059058739 0.000819044334197 -0.000853647334968 0.011140075768904 -0.003579896554470 -0.002898456781644 -0.020758341598824 0.987118817182171 0.781795771906738 0.988897027886538 0.964512287840306 0.987607472719799 0.988490793800874 0.988367809398048 1.000000000000000 0.964210056416547 0.986905525690537 0.982584212004391 0.846240512502550 0.990255664355032 0.990710731582087 0.986609630538537 0.708283777836305 0.988938524766765 0.964744725584596 0.986719267572292 0.988591538238847 0.987964797863089 0.984101201939597 0.967539234696327 0.987123423078563 0.981590690835446 0.824175519863230 0.990342329432659 0.990788652275297 
0.070825844886946 -0.005738671050128 -0.034061994011018 0.046960802316964 0.015939939731039 -0.016703350451302 0.000522526239678 0.007100121251585 0.011674141123547 0.006992367112057 0.004426039620884 0.001864108257588 0.015369765953138 -0.012216774169779 0.982502900102732 0.760907121299058 0.968973202796725 0.948979166639069 0.983997318559898 0.968064692304211 0.968836686883895 0.964210056416547 1.000000000000000 0.967896147278542 0.960333680074507 0.827481866330709 0.971985956952091 0.972024950501213 0.968664013427466 0.693877281476249 0.970383444252384 0.946030928088594 0.968955903702781 0.969325500687586 0.969775918250919 0.963986388211072 0.952239394210781 0.969350165623304 0.963661542153356 0.808521688040716 0.974230892406806 0.972008610718193 
0.068060359355668 -0.002855752978050 -0.037175916239128 0.031858016007707 0.001242764742596 0.006765248000014 -0.000574863540652 -0.009370283915381 0.002292710572902 0.001303755100091 -0.001638240551210 0.006397107488771 0.002614427576687 0.015136669214659 0.991513388570396 0.784462035701342 0.994339708907362 0.971288927581490 0.992036479323536 0.993769159538716 0.992600121872230 0.986905525690537 0.967896147278542 1.000000000000000 0.986585079475288 0.848146135924999 0.995926048654161 0.995440580638346 0.991863641261504 0.712300867386480 0.993485183806667 0.969651429680180 0.991866812127926 0.993279533128977 0.993560968928550 0.988075675614420 0.973047092745540 0.991623681129617 0.985991489271972 0.829337963811948 0.994731717321203 0.995571263350168 
0.066333820510839 -0.003834590997524 -0.046346822211762 0.033493843021164 -0.001213236927387 -0.007087898977300 -0.002839983922938 -0.001090888767619 0.000807695170025 -0.004380965300436 -0.001271802179058 0.007044856659479 -0.015361165660398 -0.014066631032482 0.985691654549326 0.782463582795463 0.988396594786015 0.965677849232284 0.986944046889984 0.989331176850799 0.988267845414659 0.982584212004391 0.960333680074507 0.986585079475288 1.000000000000000 0.847346783514093 0.990132201563168 0.990297695951887 0.986934754130468 0.707727541444271 0.989470503380606 0.964950597283553 0.988224104673352 0.988962412280113 0.988584345080742 0.984239122588563 0.967818160942773 0.987037947649339 0.982094596590769 0.824942687098275 0.989937853409106 0.990301559211592 
0.058764382267101 -0.010829318165432 -0.052507739390712 0.003527534083526 -0.010366768152312 -0.003483321537002 -0.006484341695810 0.000247434484711 -0.001449080116863 0.002324694693340 -0.004268309892955 -0.011569505159794 0.005309875153196 -0.011956711514827 0.852191865351760 0.679201654736679 0.850758587249659 0.831314611164310 0.849148144844304 0.852831080210818 0.852526102317049 0.846240512502550 0.827481866330709 0.848146135924999 0.847346783514093 1.000000000000000 0.852350985092647 0.852705024651014 0.852465752260470 0.602134712144574 0.852282733368859 0.844307560434201 0.851493830246383 0.850751856210117 0.854052783429713 0.846358945520737 0.836322195506838 0.849328882544976 0.845335492192377 0.704566771730306 0.852881011041742 0.852902817434682 
0.074614954826109 -0.000289679618275 -0.034871572153398 0.030052581584830 0.006669038594962 -0.004453780346145 -0.002634775684777 -0.003787370985794 0.010667011956358 -0.002044257198630 -0.000870111527677 0.004217470465798 0.001161214076841 -0.006331242756062 0.995417004528369 0.786113555984678 0.996421431236031 0.974533823020274 0.995183919999204 0.996847267713216 0.996530196715697 0.990255664355032 0.971985956952090 0.995926048654161 0.990132201563168 0.852350985092647 1.000000000000000 0.998724450432248 0.995434361875528 0.714602763862183 0.996713611147894 0.972975126139474 0.995586958670229 0.996316413174755 0.997321964520863 0.991630260974332 0.976855805532278 0.995127729563693 0.989480314170662 0.832331705629684 0.998322901745238 0.998767751072240 
0.066367991399991 -0.004597654055949 -0.036852238829050 0.031269032596286 -0.002159084548618 -0.005764076488949 0.000676755150331 -0.002178586273167 0.000975818951117 0.000015863515742 0.001152985558171 0.002301500912658 -0.003343029022234 -0.011582014612944 0.995361053332422 0.788356489010004 0.996731103923359 0.974304071963199 0.995394553207126 0.997182473656087 0.996776367702211 0.990710731582087 0.972024950501212 0.995440580638346 0.990297695951887 0.852705024651014 0.998724450432248 1.000000000000000 0.995878045480299 0.714672167633921 0.997097959906791 0.972195219772590 0.995834307301502 0.996802904966916 0.997047436886985 0.991571882024640 0.977357036459467 0.996081981203635 0.990020095012553 0.832188128297501 0.998684394563652 0.999023092319233 
0.063374316687059 0.001798440217613 -0.037080160407362 0.028564893222562 -0.002444107034473 -0.002425149610678 -0.011824182989267 -0.006346130493885 -0.001971933842483 0.001422874861522 0.002198026553448 0.004816560453338 -0.006557629510495 -0.011227243097507 0.992477853142665 0.784664756778013 0.993408126654138 0.971584489311113 0.991720308342769 0.994194398909709 0.993556008360819 0.986609630538537 0.968664013427466 0.991863641261504 0.986934754130468 0.852465752260470 0.995434361875528 0.995878045480299 1.000000000000000 0.714454873474632 0.994598508470021 0.969435882420684 0.996380499373129 0.993949179963948 0.994899665887245 0.988710895733436 0.985353907561372 0.992410655241342 0.987326214646823 0.833125638879198 0.995939076675684 0.995895151188601 
0.044843788347994 -0.017262629925076 -0.033752100271548 0.015774333719355 -0.022995482511543 -0.004614399884337 -0.032151959265771 -0.002513840295652 0.003812818959009 0.020723704547505 0.019440279610205 -0.016433001676473 -0.020624722409578 -0.017996810005616 0.711762700705859 0.555350347006071 0.713223460427969 0.695590394271269 0.712672867957008 0.713753473992122 0.712528633932979 0.708283777836304 0.693877281476249 0.712300867386480 0.707727541444271 0.602134712144574 0.714602763862183 0.714672167633921 0.714454873474632 1.000000000000000 0.718967877198494 0.693206623595544 0.712685760426678 0.713743063063711 0.717276177138781 0.711400983767744 0.698922297791048 0.713604373295898 0.711983790207806 0.636913146214437 0.713911128016432 0.715064698894822 
0.065327371337583 -0.012047894946474 -0.030359890390247 0.027970580630445 -0.004719153110951 -0.005041923285484 -0.007422025201432 -0.004384763947665 0.000384346020014 0.000326347465990 0.001728585488049 0.001149999504823 -0.004737008219851 -0.014295084969633 0.993491988967308 0.787276607999481 0.994788171931642 0.973120078635616 0.993702111471109 0.995244289680409 0.994830714321462 0.988938524766765 0.970383444252383 0.993485183806667 0.989470503380606 0.852282733368859 0.996713611147894 0.997097959906791 0.994598508470021 0.718967877198494 1.000000000000000 0.971363752085524 0.994833310463770 0.994610617662360 0.995668078226347 0.990306592973338 0.975613933431434 0.994792398882314 0.989600955616997 0.833955520340225 0.996705423613586 0.996990221413710 
0.059182450373778 -0.005422935737700 -0.027690970733823 0.021795413678997 0.000678860146097 -0.006909334216379 -0.005063112879013 0.000550072057054 -0.001107543379295 -0.002273788766650 0.000334997175143 0.001800164514872 -0.009274532334763 -0.010845596824099 0.969981708400398 0.765185658598152 0.971550780504021 0.949482637747944 0.968802409071519 0.971254598144235 0.971494218493510 0.964744725584596 0.946030928088594 0.969651429680180 0.964950597283553 0.844307560434201 0.972975126139474 0.972195219772590 0.969435882420684 0.693206623595544 0.971363752085524 1.000000000000000 0.970041397197473 0.970867448327100 0.969655327507708 0.968883076282371 0.950074123267488 0.969867588861581 0.963694424727283 0.812919650181612 0.972757542517776 0.972323273285690 
0.065616166301745 0.000163025556047 -0.037255084927124 0.030012681690771 -0.003351469852631 -0.002250004588693 -0.005827770046065 -0.002003243207621 -0.000198419323772 0.001337450831027 0.005680908732307 0.009483795304633 -0.003843572894469 -0.011790708235826 0.992330021586536 0.784580894430005 0.993582729014437 0.972389013494468 0.991928980408872 0.994570419112269 0.993611354611758 0.986719267572292 0.968955903702781 0.991866812127926 0.988224104673352 0.851493830246383 0.995586958670229 0.995834307301502 0.996380499373129 0.712685760426678 0.994833310463770 0.970041397197473 1.000000000000000 0.994115266585348 0.994329222192056 0.988653328647405 0.986485896272873 0.992801794856087 0.989309781167745 0.830950455546947 0.995690643967423 0.995873889502711 
0.068720052554814 -0.003559151736750 -0.038621806896142 0.029162816224915 -0.002109389136143 -0.005019752975110 -0.004982605588339 -0.003978715081954 0.000764866054300 -0.001596001758614 0.000812743303481 -0.004409593454844 -0.005868372392728 -0.014213909499189 0.993288519123465 0.785678525945604 0.994206411618267 0.971631480949015 0.993116156697149 0.996582399691710 0.994348403307006 0.988591538238846 0.969325500687586 0.993279533128977 0.988962412280113 0.850751856210117 0.996316413174755 0.996802904966916 0.993949179963948 0.713743063063711 0.994610617662360 0.970867448327099 0.994115266585348 1.000000000000000 0.994728964471535 0.990147412901080 0.974871834677001 0.994332439953838 0.989027330670361 0.831978198813553 0.996595821235448 0.997021666346906 
0.068719241865232 -0.000742611242848 -0.040871997765277 0.027959397580204 -0.005848965427534 -0.005437637026566 -0.005476780393155 -0.003567285718171 -0.001213735013201 -0.001792934771689 -0.003887758231629 0.003517761335727 -0.001114391144160 -0.007519074193322 0.993633020387764 0.784611508798976 0.994630230812647 0.971965366100092 0.993245351411256 0.995047012128032 0.994824348858427 0.987964797863089 0.969775918250919 0.993560968928550 0.988584345080742 0.854052783429713 0.997321964520863 0.997047436886985 0.994899665887245 0.717276177138781 0.995668078226347 0.969655327507708 0.994329222192056 0.994728964471535 1.000000000000000 0.990335122939401 0.975706216799288 0.993579921109106 0.989235438941282 0.833441925008915 0.996622455080793 0.997185657687594 
0.067392325300193 0.003583297058896 -0.040942180268117 0.027492973955011 -0.003780076418749 -0.002850607279696 -0.003918460772000 -0.002187975740427 -0.001164683859153 -0.000720779078898 -0.002316603178805 -0.001706118312413 -0.005419264295411 -0.001697037673352 0.988333418694728 0.787628652980134 0.989478891540487 0.965951631780124 0.988194113508781 0.989794132423664 0.989316007507378 0.984101201939597 0.963986388211072 0.988075675614420 0.984239122588563 0.846358945520737 0.991630260974332 0.991571882024640 0.988710895733436 0.711400983767744 0.990306592973338 0.968883076282371 0.988653328647405 0.990147412901080 0.990335122939401 1.000000000000000 0.969073171307378 0.987649374731731 0.984941114757132 0.827221006085266 0.991378433001085 0.991709374898048 
0.056935334911673 0.004169989865805 -0.051579149782850 0.028612778254509 -0.000176234685255 -0.009775686863055 -0.012905677837603 -0.004517904069835 -0.001102283650233 0.005872857085809 0.018495870565332 0.002083708402491 -0.003458998369499 -0.015248477935420 0.974471830271167 0.771991347972058 0.975336048905262 0.955534531385832 0.972997000134382 0.974486717054929 0.974952412553994 0.967539234696327 0.952239394210781 0.973047092745540 0.967818160942773 0.836322195506838 0.976855805532278 0.977357036459467 0.985353907561372 0.698922297791048 0.975613933431434 0.950074123267488 0.986485896272873 0.974871834677001 0.975706216799288 0.969073171307378 1.000000000000000 0.973357088338506 0.969037920666722 0.817912433242947 0.976927188961035 0.977510628624721 
0.063466643767261 -0.014991903820974 -0.035740524415331 0.027090061392983 -0.001333873445600 -0.004799700544631 -0.000389495997246 -0.002676420352359 0.001389863567849 -0.000927220476855 0.006909763309883 0.003594181021069 -0.006585326951234 -0.013688211078931 0.991683942164841 0.782145752526456 0.993162015745765 0.971488877258023 0.992015607055355 0.994319698096456 0.993185493941972 0.987123423078563 0.969350165623304 0.991623681129617 0.987037947649339 0.849328882544976 0.995127729563693 0.996081981203635 0.992410655241342 0.713604373295898 0.994792398882314 0.969867588861581 0.992801794856087 0.994332439953837 0.993579921109106 0.987649374731731 0.973357088338506 1.000000000000000 0.986490433095372 0.830146694550726 0.995948675306011 0.995388793652466 
0.068706409925865 0.001409830702574 -0.038768109733004 0.041676350272844 -0.004924098564944 -0.003983050386114 -0.008371792206270 0.009074133095603 0.002246050429717 0.005078330991813 -0.003614148022551 0.002193523324193 -0.005646818398988 -0.022969365332930 0.986959634881945 0.782857191015356 0.987429082882331 0.966697309264862 0.987097207636103 0.988725216723369 0.988422098309692 0.981590690835446 0.963661542153356 0.985991489271972 0.982094596590769 0.845335492192377 0.989480314170662 0.990020095012553 0.987326214646823 0.711983790207806 0.989600955616997 0.963694424727283 0.989309781167745 0.989027330670361 0.989235438941282 0.984941114757132 0.969037920666722 0.986490433095372 1.000000000000000 0.825650495681139 0.989832215489655 0.990360175792464 
0.048915820119630 -0.005902442170919 -0.017502255694157 0.015618534614324 -0.006270892755559 -0.009078175636571 -0.015162187701506 -0.006663965696865 0.003660444489843 0.001432651930734 -0.072021288784999 -0.007819190449424 0.000048931462628 0.022363556018515 0.831081646858747 0.654078302324856 0.830239874699454 0.808114614972484 0.828346218077528 0.830947045325966 0.830353135538194 0.824175519863230 0.808521688040716 0.829337963811948 0.824942687098275 0.704566771730306 0.832331705629684 0.832188128297501 0.833125638879198 0.636913146214437 0.833955520340225 0.812919650181612 0.830950455546947 0.831978198813553 0.833441925008915 0.827221006085265 0.817912433242947 0.830146694550726 0.825650495681139 1.000000000000000 0.831566912380497 0.832641900370763 
0.065200238297014 -0.000879953083862 -0.037472545498978 0.029607096893211 -0.001778898667253 -0.007155634335560 -0.003618582994460 -0.005355768328850 -0.000480414948573 -0.001480000225807 0.001795611536233 0.004299325695396 -0.006187233487857 -0.013211426846995 0.995482836000836 0.787377730146830 0.996207924881967 0.974055611121097 0.995866251874357 0.996428313479584 0.996098925344281 0.990342329432659 0.974230892406806 0.994731717321203 0.989937853409106 0.852881011041742 0.998322901745238 0.998684394563652 0.995939076675684 0.713911128016432 0.996705423613586 0.972757542517776 0.995690643967423 0.996595821235448 0.996622455080792 0.991378433001085 0.976927188961035 0.995948675306011 0.989832215489655 0.831566912380497 1.000000000000000 0.998645604513229 
0.067937122888700 -0.001280133290175 -0.035413371526040 0.029127046189465 -0.002945409845498 -0.005877043081691 -0.003448073603291 -0.004845551759761 -0.000244443634041 0.001595020186933 -0.000074784028298 0.001760060249613 0.001843330623157 -0.013371023418917 0.995258697049691 0.788065717974454 0.996619367442824 0.974480876410751 0.995353941256712 0.996979433168676 0.997098468022706 0.990788652275297 0.972008610718193 0.995571263350168 0.990301559211592 0.852902817434682 0.998767751072239 0.999023092319233 0.995895151188601 0.715064698894822 0.996990221413710 0.972323273285690 0.995873889502711 0.997021666346906 0.997185657687594 0.991709374898048 0.977510628624721 0.995388793652466 0.990360175792464 0.832641900370763 0.998645604513229 1.000000000000000 
