0.000000928460168 0.000000643334758 0.000000484661168 0.000000563296753 0.000000571901056 0.000000609193126 0.000000516004340 0.000000369204687 0.000000767419192 0.000000565184135 0.000000690042778 0.000000532693908 0.000000665490314 0.000001151557952 0.000000455918073 0.000000379681532 0.000000892179318 0.000001547739403 0.000000449333787 0.000000369933410 0.000004507850809 0.000000762783006 0.000000069501249 -0.000000164676083 0.000000073435383 0.000000094849091 -0.000000050573357 0.000000909911531 0.000000774896684 0.000000741097076 0.000000222506527 0.000000000000000 0.000000360062090 0.000003517285396 0.000001121771424 0.000000210094228 0.000000533694304 0.000000373541523 0.000000273673831 0.000000000000000 0.000000432157755 0.000001064019680 0.000000386137369 0.000000142909365 0.000001892102598 0.000000380759225 0.000000528374225 -0.000000447697956 0.000000416021966 0.000000479653638 0.000000449522069 0.000000408255768 0.000000428968385 0.000000403107611 0.000000385875267 0.000000285217839 
0.000000643334758 0.000001007322303 0.000000491250205 0.000000493975971 0.000000408930430 0.000000568349416 0.000000428945370 0.000000363582064 0.000000674665269 0.000000890025006 0.000000463688685 0.000000515854379 0.000000770713059 0.000001613757193 0.000000676446820 0.000000459445605 0.000000851810416 0.000001016237125 0.000004631703939 0.000000238758227 0.000004645034561 0.000002652536703 0.000000297843514 -0.000000024987932 0.000000033876082 0.000000010183591 -0.000000048408298 0.000000651120003 0.000000781502711 0.000000652217230 0.000000125422669 0.000000000000000 0.000000311605169 0.000002015958901 0.000000675030280 0.000000290907635 0.000000390443007 0.000000385853436 0.000000201718317 0.000000000000000 0.000000377586431 0.000002335412232 0.000000330053853 0.000000174819325 0.000001786084023 0.000000220106509 0.000000258873028 -0.000000303030295 0.000000362638806 0.000000427806130 0.000000390320676 0.000000367691418 0.000000384223621 0.000000338433129 0.000000302298881 0.000000220745512 
0.000000484661168 0.000000491250205 0.000000835502051 0.000000346802324 0.000000364767249 0.000000613375151 0.000000514869112 0.000000287167313 0.000000294365615 0.000000380959383 0.000000344437492 0.000000299436584 0.000000428872753 0.000000825903367 0.000000663716654 0.000000935111658 0.000005077090624 0.000001080661568 0.000000613777851 0.000000268172804 0.000000123372361 0.000001376852066 0.000000198510927 0.000000056772912 0.000000018880667 0.000003575943214 -0.000000087951106 0.000000598707288 0.000000762441093 0.000000566133632 0.000000193185019 0.000000000000000 0.000000202260497 0.000000436544593 0.000000681786644 0.000000209631372 0.000000431633736 0.000000306771240 0.000000196922525 0.000000000000000 0.000000314042339 0.000000402054063 0.000000235729323 0.000000155578367 0.000000359448677 0.000000189185995 0.000000124767924 -0.000000151132979 0.000000367525751 0.000000312215460 0.000000290989198 0.000000283724789 0.000000316876262 0.000000276667844 0.000000264388761 0.000000202987923 
0.000000563296753 0.000000493975971 0.000000346802324 0.000000426809837 0.000000401197363 0.000000441538018 0.000000334601672 0.000000316772614 0.000000464273917 0.000000448707767 0.000000420325876 0.000000413239086 0.000000485077886 0.000000904963595 0.000000403040555 0.000000322500522 0.000000534227246 0.000001063625042 0.000001660984531 0.000000201072636 0.000000840839633 0.000000669459957 0.000000450578110 -0.000000180792170 0.000000034031478 0.000000597756523 0.000000788507367 0.000000684337309 0.000000601837974 0.000000542494920 0.000000157061923 0.000000000000000 0.000000267525902 0.000001616600616 0.000000344361852 0.000000176203090 0.000000338643164 0.000000301374132 0.000000165384694 0.000000000000000 0.000000321316029 0.000000738261790 0.000000256325262 0.000000114545631 0.000001229190102 0.000000244547363 0.000000391525211 -0.000000426096344 0.000000293485411 0.000000332381642 0.000000320284716 0.000000291506574 0.000000287400890 0.000000277476423 0.000000262035830 0.000000184592265 
0.000000571901056 0.000000408930430 0.000000364767249 0.000000401197363 0.000000452645836 0.000000408913046 0.000000356011575 0.000000308145476 0.000000401455168 0.000000370591842 0.000000397978957 0.000000376811761 0.000000434650226 0.000000607685238 0.000000311669496 0.000000301772035 0.000000460996982 0.000001505637226 0.000000518523506 0.000000266014237 0.000000678266186 0.000000314791561 0.000000363971468 -0.000000113159696 0.000000030780837 0.000000549971436 0.000000262626585 0.000000929175165 0.000000809103012 0.000000723331837 0.000000205778421 0.000000000000000 0.000000298910035 0.000001127773154 0.000000491439750 0.000000203220163 0.000000424311349 0.000000325727716 0.000000214051295 0.000000000000000 0.000000366090709 0.000000249111279 0.000000269851019 0.000000124196500 0.000002102325893 0.000000240865249 0.000000312490840 -0.000000307484448 0.000000316403507 0.000000339964765 0.000000334671124 0.000000304135949 0.000000311398557 0.000000292526686 0.000000286244041 0.000000215911745 
0.000000609193126 0.000000568349416 0.000000613375151 0.000000441538018 0.000000408913046 0.000000694705112 0.000000469977526 0.000000345154629 0.000000478240978 0.000000444036842 0.000000397152427 0.000000471005325 0.000000602512887 0.000000927664009 0.000000779126787 0.000000764694391 0.000003407028568 0.000001115847398 0.000002618921412 0.000000260656916 0.000000801172735 0.000000516919742 0.000000292155717 -0.000000030552908 0.000000025725754 0.000000994409554 0.000001633920493 0.000000656240604 0.000000649899972 0.000000562745232 0.000000153387230 0.000000000000000 0.000000229615715 0.000001456620300 0.000001086298167 0.000000165102446 0.000000381020233 0.000000299154486 0.000000189872742 0.000000000000000 0.000000320429742 0.000002019143156 0.000000260812781 0.000000155721195 0.000000752850168 0.000000259039251 0.000000317777199 -0.000000107074619 0.000000361591492 0.000000377725341 0.000000361253333 0.000000322361315 0.000000338043442 0.000000306872782 0.000000296337971 0.000000221577207 
0.000000516004340 0.000000428945370 0.000000514869112 0.000000334601672 0.000000356011575 0.000000469977526 0.000000446954720 0.000000315365161 0.000000467749009 0.000000385466154 0.000000411674894 0.000000309057807 0.000000450985943 0.000000600614201 0.000000459918422 0.000000572987991 0.000002646290614 0.000001086101036 0.000000525004333 0.000000243206111 0.000003070066223 0.000000607476901 0.000001118633024 0.000000034710511 0.000000021206248 0.000000734150615 -0.000000002784467 0.000000695106348 0.000000618918106 0.000000545876484 0.000000155947314 0.000000000000000 0.000000232731382 0.000001718507867 0.000000574349024 0.000000192460842 0.000000357374478 0.000000303642252 0.000000193373508 0.000000000000000 0.000000306949021 0.000000325191569 0.000000233478503 0.000000136839255 0.000001318806207 0.000000176139007 0.000000133072447 -0.000000008398922 0.000000305127750 0.000000306233953 0.000000288772225 0.000000263415421 0.000000291787601 0.000000257089400 0.000000252241793 0.000000202780576 
0.000000369204687 0.000000363582064 0.000000287167313 0.000000316772614 0.000000308145476 0.000000345154629 0.000000315365161 0.000000466629015 0.000000355073804 0.000000343163531 0.000000295248978 0.000000286679809 0.000000536773443 0.000000537648220 0.000000264391122 0.000000233152079 0.000000239169876 0.000000830368606 0.000000556598778 0.000000175053109 0.000000711173410 0.000000786616874 0.000002616122673 -0.000000034544087 0.000000025247692 0.000000900179252 0.000002417572730 0.000000711515408 0.000000530033485 0.000000522862970 0.000000186361910 0.000000000000000 0.000000266568716 0.000000813820297 0.000000394041569 0.000000195275657 0.000000259476516 0.000000330760482 0.000000155278536 0.000000000000000 0.000000294307810 0.000000374086467 0.000000185546137 0.000000141269786 0.000003088894694 0.000000151290869 0.000000245634365 -0.000000018662438 0.000000253525293 0.000000262460266 0.000000268929828 0.000000242825050 0.000000248714396 0.000000229484789 0.000000225440976 0.000000183255890 
0.000000767419192 0.000000674665269 0.000000294365615 0.000000464273917 0.000000401455168 0.000000478240978 0.000000467749009 0.000000355073804 0.000001256856935 0.000000764701219 0.000000797954424 0.000000427043580 0.000000402920889 0.000000819339512 0.000000428556224 0.000000399295106 0.000000462786657 0.000000806286758 0.000001977975874 0.000000189859515 0.000012886744487 0.000000205212988 0.000000160738971 -0.000000212925278 0.000000021256410 0.000000406814863 0.000002230951934 0.000000570895003 0.000000653920995 0.000000506344968 0.000000021848406 0.000000000000000 0.000000277870101 0.000005756917905 0.000000080821014 0.000000223637567 0.000000336811972 0.000000351755068 0.000000188496433 0.000000000000000 0.000000343049396 0.000000366079054 0.000000266350981 0.000000143264754 0.000002571552731 0.000000212423449 0.000000282765906 -0.000000477078795 0.000000295485284 0.000000413619707 0.000000370940033 0.000000315558004 0.000000333477223 0.000000289827280 0.000000274559011 0.000000165863249 
0.000000565184135 0.000000890025006 0.000000380959383 0.000000448707767 0.000000370591842 0.000000444036842 0.000000385466154 0.000000343163531 0.000000764701219 0.000000869432962 0.000000494975724 0.000000435610755 0.000000571818697 0.000001330778893 0.000000516629650 0.000000393386006 0.000000334509871 0.000000908049523 0.000004002212517 0.000000164968826 0.000006248820837 0.000002178648803 0.000000370437221 -0.000000113132536 0.000000014599702 -0.000000229704563 0.000000437358567 0.000000631479323 0.000000779622805 0.000000604402251 0.000000084987812 0.000000000000000 0.000000297168630 0.000002459720963 -0.000000040826754 0.000000297249225 0.000000332624663 0.000000383204738 0.000000173684149 0.000000000000000 0.000000359160265 0.000001080013157 0.000000287713836 0.000000154869479 0.000000729363450 0.000000162069606 0.000000202386144 -0.000000462000664 0.000000311756878 0.000000381433535 0.000000346986349 0.000000322263881 0.000000331437310 0.000000290187211 0.000000258479507 0.000000171868431 
0.000000690042778 0.000000463688685 0.000000344437492 0.000000420325876 0.000000397978957 0.000000397152427 0.000000411674894 0.000000295248978 0.000000797954424 0.000000494975724 0.000000654432559 0.000000357906368 0.000000379396549 0.000000819687635 0.000000273580002 0.000000305058333 0.000000693782814 0.000000873436964 0.000000026538605 0.000000216347420 0.000006578514989 0.000000437187594 0.000000428079071 -0.000000193138151 0.000000044466590 0.000001221405889 0.000000144846592 0.000000568022652 0.000000507333162 0.000000447404629 0.000000113874713 0.000000000000000 0.000000262053922 0.000003965482117 0.000000159183778 0.000000171092690 0.000000350920167 0.000000300154697 0.000000178194956 0.000000000000000 0.000000314707160 -0.000000283198259 0.000000264692736 0.000000107030540 0.000002285076263 0.000000247601820 0.000000354351611 -0.000000465128898 0.000000283090039 0.000000343418008 0.000000312288310 0.000000282149425 0.000000293516464 0.000000276443076 0.000000262041581 0.000000178152891 
0.000000532693908 0.000000515854379 0.000000299436584 0.000000413239086 0.000000376811761 0.000000471005325 0.000000309057807 0.000000286679809 0.000000427043580 0.000000435610755 0.000000357906368 0.000000468212622 0.000000558847064 0.000000849247852 0.000000541174257 0.000000312411674 0.000000430623951 0.000001073161787 0.000003215025075 0.000000198596359 0.000000590195833 0.000000180646146 0.000000547411917 -0.000000104842528 0.000000025599344 0.000000526335641 0.000000355259202 0.000000675318031 0.000000513881280 0.000000517900703 0.000000121712952 0.000000000000000 0.000000243403289 0.000001490041715 0.000000654476401 0.000000143745350 0.000000299598553 0.000000261431507 0.000000155616522 0.000000000000000 0.000000294018822 0.000001864862304 0.000000235263168 0.000000115753162 0.000001205807119 0.000000229011188 0.000000337940503 -0.000000183218513 0.000000267571844 0.000000327325895 0.000000316354908 0.000000279496293 0.000000273136681 0.000000261724364 0.000000249015009 0.000000186008709 
0.000000665490314 0.000000770713059 0.000000428872753 0.000000485077886 0.000000434650226 0.000000602512887 0.000000450985943 0.000000536773443 0.000000402920889 0.000000571818697 0.000000379396549 0.000000558847064 0.000001113815588 0.000001284676940 0.000000650246192 0.000000257603233 0.000000376585502 0.000001136478730 0.000003145785717 0.000000304900630 0.000000772338797 0.000001640505556 0.000003256069599 -0.000000060004632 0.000000073729236 0.000000226496897 -0.000000197251678 0.000000847809938 0.000000474434560 0.000000659003717 0.000000268634697 0.000000000000000 0.000000363198609 0.000001272022009 0.000001821161652 0.000000213325919 0.000000387709246 0.000000372637917 0.000000239058098 0.000000000000000 0.000000377746508 0.000003517953859 0.000000316513923 0.000000140392837 0.000002966841591 0.000000280917905 0.000000417045096 -0.000000164745353 0.000000362324945 0.000000412186137 0.000000396267867 0.000000366170240 0.000000389134237 0.000000353093347 0.000000330939877 0.000000278012950 
0.000001151557952 0.000001613757193 0.000000825903367 0.000000904963595 0.000000607685238 0.000000927664009 0.000000600614201 0.000000537648220 0.000000819339512 0.000001330778893 0.000000819687635 0.000000849247852 0.000001284676940 0.000003926033814 0.000000919716776 0.000000586408331 0.000001282674955 0.000000550678469 0.000005585026978 0.000000380571747 0.000000277289077 0.000006526807478 -0.000000312565501 0.000000099111578 0.000000131110801 -0.000000297655008 -0.000000612615127 0.000000330473418 0.000000542387475 0.000000458509886 0.000000179264044 0.000000000000000 0.000000413982970 0.000003746294051 0.000000811776695 0.000000321365823 0.000000494064206 0.000000529613828 0.000000198652290 0.000000000000000 0.000000486983157 0.000003050260417 0.000000609304818 0.000000302642234 0.000006214916341 0.000000557757196 0.000000881084686 -0.000000057193091 0.000000579477524 0.000000656656630 0.000000587526271 0.000000589707136 0.000000575439404 0.000000582439961 0.000000499684351 0.000000392454199 
0.000000455918073 0.000000676446820 0.000000663716654 0.000000403040555 0.000000311669496 0.000000779126787 0.000000459918422 0.000000264391122 0.000000428556224 0.000000516629650 0.000000273580002 0.000000541174257 0.000000650246192 0.000000919716776 0.000001195656934 0.000001056431642 0.000005005060468 0.000000865704611 0.000006551077037 0.000000147092847 0.000000598359193 -0.000000036305025 0.000000428485331 -0.000000076960821 -0.000000016373010 0.000001176643773 0.000000576829849 0.000000485640776 0.000000489097374 0.000000421588139 0.000000056666074 0.000000000000000 0.000000151867549 0.000000951403297 0.000000978811724 0.000000137287180 0.000000261363481 0.000000240868553 0.000000128067680 0.000000000000000 0.000000253177846 0.000003642483002 0.000000190151386 0.000000127613181 0.000001516181282 0.000000164575993 0.000000124326982 -0.000000189166830 0.000000306524354 0.000000337272383 0.000000311015529 0.000000268069410 0.000000278633241 0.000000237111381 0.000000223266372 0.000000154723818 
0.000000379681532 0.000000459445605 0.000000935111658 0.000000322500522 0.000000301772035 0.000000764694391 0.000000572987991 0.000000233152079 0.000000399295106 0.000000393386006 0.000000305058333 0.000000312411674 0.000000257603233 0.000000586408331 0.000001056431642 0.000001530104782 0.000008300949748 0.000000905136692 0.000002884495974 0.000000123978678 0.000000710468098 0.000000266595452 -0.000000273484721 -0.000000120073510 -0.000000041756908 0.000000221135153 0.000001443286531 0.000000475781655 0.000000741175735 0.000000430501683 0.000000087826899 0.000000000000000 0.000000111211129 0.000000479343919 0.000000076186305 0.000000191698113 0.000000317597903 0.000000291840133 0.000000127118451 0.000000000000000 0.000000265521629 0.000000517650825 0.000000179370946 0.000000128085118 0.000003790491254 0.000000114935939 -0.000000043473420 -0.000000451277505 0.000000352330186 0.000000286749892 0.000000258819037 0.000000231683481 0.000000263945854 0.000000211223605 0.000000206881811 0.000000125285956 
0.000000892179318 0.000000851810416 0.000005077090624 0.000000534227246 0.000000460996982 0.000003407028568 0.000002646290614 0.000000239169876 0.000000462786657 0.000000334509871 0.000000693782814 0.000000430623951 0.000000376585502 0.000001282674955 0.000005005060468 0.000008300949748 0.000053703187223 0.000001032417799 0.000003927907551 0.000000315590704 -0.000001945799489 0.000000749906288 -0.000001609064036 -0.000000105683228 -0.000000185294701 0.000002411788673 -0.000001053159517 -0.000000185111945 0.000001255515440 0.000000133522510 0.000000229504519 0.000000000000000 -0.000000321783045 -0.000000511704833 0.000001847136214 0.000000293487346 0.000000892356895 0.000000495771635 0.000000287505230 0.000000000000000 0.000000367241092 0.000001221407831 0.000000334531785 0.000000228131861 -0.000005392811703 0.000000159630177 -0.000001015642893 -0.000001559030891 0.000001235702383 0.000000593310324 0.000000421821030 0.000000411818369 0.000000681545804 0.000000429164932 0.000000436151875 0.000000229011764 
0.000001547739403 0.000001016237125 0.000001080661568 0.000001063625042 0.000001505637226 0.000001115847398 0.000001086101036 0.000000830368606 0.000000806286758 0.000000908049523 0.000000873436964 0.000001073161787 0.000001136478730 0.000000550678469 0.000000865704611 0.000000905136692 0.000001032417799 0.000006559772691 0.000001435950862 0.000001019813997 -0.000000368709227 -0.000000887149863 0.000000852858438 0.000000325378622 0.000000018221880 -0.000000720641548 -0.000001892252650 0.000003938239104 0.000003341763076 0.000002977581838 0.000000694463137 0.000000000000000 0.000000978231853 0.000000068219547 0.000001816861674 0.000000743109410 0.000001504946170 0.000001055450199 0.000000813403540 0.000000000000000 0.000001257501556 0.000000091188929 0.000000830565214 0.000000481336595 0.000000901873361 0.000000583946946 0.000000328486471 0.000000554043850 0.000001001593900 0.000001034346948 0.000001061207353 0.000000943277416 0.000000995547571 0.000000900555977 0.000000926035874 0.000000791196663 
0.000000449333787 0.000004631703939 0.000000613777851 0.000001660984531 0.000000518523506 0.000002618921412 0.000000525004333 0.000000556598778 0.000001977975874 0.000004002212517 0.000000026538605 0.000003215025075 0.000003145785717 0.000005585026978 0.000006551077037 0.000002884495974 0.000003927907551 0.000001435950862 0.000069640222360 -0.000000520323487 0.000003430771788 -0.000001007682776 0.000000360727419 -0.000000117728091 -0.000000404200818 -0.000000420387056 0.000000410041112 0.000001045893646 0.000001072152866 0.000000976944776 -0.000000969272293 0.000000000000000 0.000000333199262 0.000001415401473 -0.000000174825200 0.000000554826242 -0.000000350592276 0.000000661909742 -0.000000142302084 0.000000000000000 0.000000605517013 0.000028944548465 0.000000333978649 0.000000567205224 -0.000000303553371 -0.000000100646235 -0.000000362621773 0.000000590632819 0.000000443604916 0.000001168175478 0.000001062870824 0.000000803574886 0.000000573529500 0.000000464725534 0.000000327671276 0.000000136674907 
0.000000369933410 0.000000238758227 0.000000268172804 0.000000201072636 0.000000266014237 0.000000260656916 0.000000243206111 0.000000175053109 0.000000189859515 0.000000164968826 0.000000216347420 0.000000198596359 0.000000304900630 0.000000380571747 0.000000147092847 0.000000123978678 0.000000315590704 0.000001019813997 -0.000000520323487 0.000000301290700 0.000000856365719 0.000000517695405 0.000000107667221 0.000000461643342 0.000000028913342 0.000001046357987 -0.000000342796183 0.000000584098868 0.000000487181416 0.000000464861586 0.000000103022440 0.000000000000000 0.000000154550791 0.000000824459912 0.000000937181932 0.000000107270425 0.000000291189280 0.000000177886007 0.000000163907722 0.000000000000000 0.000000208942370 0.000000407720236 0.000000184037597 0.000000171123452 0.000001577322459 0.000000157226116 0.000000046816711 0.000001047408262 0.000000209142781 0.000000217356494 0.000000218793089 0.000000200345923 0.000000220432472 0.000000206335483 0.000000212320648 0.000000224868910 
0.000004507850809 0.000004645034561 0.000000123372361 0.000000840839633 0.000000678266186 0.000000801172735 0.000003070066223 0.000000711173410 0.000012886744487 0.000006248820837 0.000006578514989 0.000000590195833 0.000000772338797 0.000000277289077 0.000000598359193 0.000000710468098 -0.000001945799489 -0.000000368709227 0.000003430771788 0.000000856365719 0.000211900875206 -0.000000231909076 -0.000000033227159 0.000000198942111 0.000000015952430 -0.000001929217810 -0.000004029528552 0.000000180471993 0.000002137927963 0.000001281166350 -0.000001459757944 0.000000000000000 0.000000889593284 0.000067678505662 0.000001654343574 0.000001378320381 0.000001240683184 0.000001276289125 0.000001200406849 0.000000000000000 0.000001051986003 -0.000000232377919 0.000000866018609 0.000000474427671 0.000011723665328 -0.000000362753402 -0.000002440236784 -0.000001002526649 0.000000594379083 0.000001883273974 0.000001253633895 0.000000912738423 0.000001535102993 0.000000764000881 0.000000704161768 0.000000262255426 
0.000000762783006 0.000002652536703 0.000001376852066 0.000000669459957 0.000000314791561 0.000000516919742 0.000000607476901 0.000000786616874 0.000000205212988 0.000002178648803 0.000000437187594 0.000000180646146 0.000001640505556 0.000006526807478 -0.000000036305025 0.000000266595452 0.000000749906288 -0.000000887149863 -0.000001007682776 0.000000517695405 -0.000000231909076 0.000020326004382 0.000000526611572 0.000001130254463 0.000000230086934 -0.000002468068340 -0.000001715614990 -0.000000371408478 0.000001047468068 0.000000503423995 0.000000403267588 0.000000000000000 0.000000496696506 -0.000001278274081 0.000000460115658 0.000000795660709 0.000000611230736 0.000000827627532 0.000000243595660 0.000000000000000 0.000000522203504 -0.000000447010819 0.000000802081324 0.000000520507935 0.000005261063689 0.000000364647474 0.000000440399360 0.000000866276923 0.000000743896209 0.000000574598395 0.000000474415140 0.000000649557846 0.000000731082512 0.000000670673780 0.000000509673485 0.000000495110127 
0.000000069501249 0.000000297843514 0.000000198510927 0.000000450578110 0.000000363971468 0.000000292155717 0.000001118633024 0.000002616122673 0.000000160738971 0.000000370437221 0.000000428079071 0.000000547411917 0.000003256069599 -0.000000312565501 0.000000428485331 -0.000000273484721 -0.000001609064036 0.000000852858438 0.000000360727419 0.000000107667221 -0.000000033227159 0.000000526611572 0.000035338552232 0.000000036977408 0.000000072393573 -0.000000233478190 -0.000000953601208 0.000002776617285 -0.000000766003725 0.000000919543887 0.000000904152841 0.000000000000000 0.000001037585731 0.000000523909929 0.000000887961314 0.000000620211933 -0.000000072004618 0.000001229790712 0.000000397155017 0.000000000000000 0.000000754772772 0.000001085995629 0.000000187008057 0.000000269425871 0.000006690850911 -0.000000201548226 -0.000000137229111 0.000001304276095 0.000000355653191 0.000000291727440 0.000000383555072 0.000000326915164 0.000000392002133 0.000000332386287 0.000000373391880 0.000000550461874 
-0.000000164676083 -0.000000024987932 0.000000056772912 -0.000000180792170 -0.000000113159696 -0.000000030552908 0.000000034710511 -0.000000034544087 -0.000000212925278 -0.000000113132536 -0.000000193138151 -0.000000104842528 -0.000000060004632 0.000000099111578 -0.000000076960821 -0.000000120073510 -0.000000105683228 0.000000325378622 -0.000000117728091 0.000000461643342 0.000000198942111 0.000001130254463 0.000000036977408 0.000002677016971 -0.000000039777643 0.000000813887745 -0.000000927158696 0.000000139403676 -0.000000004407195 0.000000012297615 -0.000000285038327 0.000000000000000 -0.000000169247384 0.000000288891503 0.000000875268042 -0.000000021571362 -0.000000075128960 -0.000000028479780 0.000000041385652 0.000000000000000 -0.000000075488761 -0.000000315522174 0.000000043807407 0.000000537495024 -0.000001102239651 -0.000000089026959 -0.000000888594686 0.000006506909505 0.000000010234889 0.000000000854313 0.000000041717831 0.000000024979273 0.000000045734063 0.000000065813410 0.000000117364664 0.000000403076783 
0.000000073435383 0.000000033876082 0.000000018880667 0.000000034031478 0.000000030780837 0.000000025725754 0.000000021206248 0.000000025247692 0.000000021256410 0.000000014599702 0.000000044466590 0.000000025599344 0.000000073729236 0.000000131110801 -0.000000016373010 -0.000000041756908 -0.000000185294701 0.000000018221880 -0.000000404200818 0.000000028913342 0.000000015952430 0.000000230086934 0.000000072393573 -0.000000039777643 0.000000017330555 0.000000171260489 -0.000000130716148 0.000000007938602 -0.000000012432218 0.000000015267374 0.000000030758014 0.000000000000000 0.000000024135966 0.000000232550357 0.000000212612432 0.000000000341704 0.000000034493433 0.000000011111243 0.000000016896667 0.000000000000000 0.000000017643137 0.000000160169772 0.000000027231310 -0.000000004132809 0.000000112786924 0.000000040688400 0.000000085125860 -0.000000110501598 0.000000022783389 0.000000025292972 0.000000022332472 0.000000024106619 0.000000026388121 0.000000027272650 0.000000023778510 0.000000016623184 
0.000000094849091 0.000000010183591 0.000003575943214 0.000000597756523 0.000000549971436 0.000000994409554 0.000000734150615 0.000000900179252 0.000000406814863 -0.000000229704563 0.000001221405889 0.000000526335641 0.000000226496897 -0.000000297655008 0.000001176643773 0.000000221135153 0.000002411788673 -0.000000720641548 -0.000000420387056 0.000001046357987 -0.000001929217810 -0.000002468068340 -0.000000233478190 0.000000813887745 0.000000171260489 0.000159767727211 0.000000453182193 -0.000000663353346 0.000001714562832 0.000000964504154 0.000000536887943 0.000000000000000 0.000000256254030 0.000000831514213 0.000003282622252 0.000000040411812 0.000001651589408 0.000000135530012 0.000000413970990 0.000000000000000 0.000000486212916 0.000002787607205 -0.000000748499558 0.000000802386844 -0.000008581186429 0.000000285618748 0.000000898456007 0.000000416159497 0.000000390467276 0.000000287244695 0.000000314772101 0.000000531771877 0.000000377287150 0.000000418091826 0.000000335542701 0.000000162520075 
-0.000000050573357 -0.000000048408298 -0.000000087951106 0.000000788507367 0.000000262626585 0.000001633920493 -0.000000002784467 0.000002417572730 0.000002230951934 0.000000437358567 0.000000144846592 0.000000355259202 -0.000000197251678 -0.000000612615127 0.000000576829849 0.000001443286531 -0.000001053159517 -0.000001892252650 0.000000410041112 -0.000000342796183 -0.000004029528552 -0.000001715614990 -0.000000953601208 -0.000000927158696 -0.000000130716148 0.000000453182193 0.000074317246454 0.000000101585334 0.000002340231632 0.000000711536253 -0.000000019392267 0.000000000000000 0.000000204406526 0.000000022794635 -0.000000628253706 0.000000261954217 -0.000000225931344 0.000000872259403 -0.000000185447215 0.000000000000000 0.000000338369518 0.000000232480261 -0.000000250077273 0.000000764782701 0.000011177101065 0.000000401018988 0.000002258298364 -0.000000298029402 0.000000569056755 0.000000586104889 0.000000844847732 0.000000553513009 0.000000362371433 0.000000357948475 0.000000427970304 0.000000010364123 
0.000000909911531 0.000000651120003 0.000000598707288 0.000000684337309 0.000000929175165 0.000000656240604 0.000000695106348 0.000000711515408 0.000000570895003 0.000000631479323 0.000000568022652 0.000000675318031 0.000000847809938 0.000000330473418 0.000000485640776 0.000000475781655 -0.000000185111945 0.000003938239104 0.000001045893646 0.000000584098868 0.000000180471993 -0.000000371408478 0.000002776617285 0.000000139403676 0.000000007938602 -0.000000663353346 0.000000101585334 0.000002558651307 0.000002031476381 0.000001867519219 0.000000463210993 0.000000000000000 0.000000671263221 0.000000156620724 0.000000788257430 0.000000512820464 0.000000879776379 0.000000747293242 0.000000500385496 0.000000000000000 0.000000818596121 -0.000000276882720 0.000000506158507 0.000000318290561 0.000002088339780 0.000000327732536 0.000000218406856 0.000000313052321 0.000000620187783 0.000000644361960 0.000000670664252 0.000000593005660 0.000000619147232 0.000000560776359 0.000000577430234 0.000000496730730 
0.000000774896684 0.000000781502711 0.000000762441093 0.000000601837974 0.000000809103012 0.000000649899972 0.000000618918106 0.000000530033485 0.000000653920995 0.000000779622805 0.000000507333162 0.000000513881280 0.000000474434560 0.000000542387475 0.000000489097374 0.000000741175735 0.000001255515440 0.000003341763076 0.000001072152866 0.000000487181416 0.000002137927963 0.000001047468068 -0.000000766003725 -0.000000004407195 -0.000000012432218 0.000001714562832 0.000002340231632 0.000002031476381 0.000002250876946 0.000001729995348 0.000000370851335 0.000000000000000 0.000000551710090 -0.000000322775237 0.000000287303653 0.000000532122830 0.000000872098261 0.000000679751946 0.000000432893719 0.000000000000000 0.000000734667854 -0.000000850287651 0.000000440803948 0.000000297460007 0.000002846682191 0.000000266868202 0.000000159132872 -0.000000370925200 0.000000599132096 0.000000592339362 0.000000600226114 0.000000547928895 0.000000577909828 0.000000500494153 0.000000499355379 0.000000371017442 
0.000000741097076 0.000000652217230 0.000000566133632 0.000000542494920 0.000000723331837 0.000000562745232 0.000000545876484 0.000000522862970 0.000000506344968 0.000000604402251 0.000000447404629 0.000000517900703 0.000000659003717 0.000000458509886 0.000000421588139 0.000000430501683 0.000000133522510 0.000002977581838 0.000000976944776 0.000000464861586 0.000001281166350 0.000000503423995 0.000000919543887 0.000000012297615 0.000000015267374 0.000000964504154 0.000000711536253 0.000001867519219 0.000001729995348 0.000001494599942 0.000000369815817 0.000000000000000 0.000000518898449 -0.000000007738184 0.000000868783108 0.000000424526003 0.000000746879418 0.000000577459693 0.000000401851097 0.000000000000000 0.000000641836263 0.000000259687091 0.000000400734721 0.000000237959659 0.000001108147299 0.000000267590285 0.000000216747089 -0.000000171107829 0.000000510930631 0.000000526183420 0.000000536218600 0.000000484949149 0.000000513697202 0.000000452346117 0.000000453975009 0.000000362208541 
0.000000222506527 0.000000125422669 0.000000193185019 0.000000157061923 0.000000205778421 0.000000153387230 0.000000155947314 0.000000186361910 0.000000021848406 0.000000084987812 0.000000113874713 0.000000121712952 0.000000268634697 0.000000179264044 0.000000056666074 0.000000087826899 0.000000229504519 0.000000694463137 -0.000000969272293 0.000000103022440 -0.000001459757944 0.000000403267588 0.000000904152841 -0.000000285038327 0.000000030758014 0.000000536887943 -0.000000019392267 0.000000463210993 0.000000370851335 0.000000369815817 0.000000192400724 0.000000000000000 0.000000168000727 -0.000000487505245 0.000000428911284 0.000000102190915 0.000000224142433 0.000000157202074 0.000000112013593 0.000000000000000 0.000000176262763 0.000000052460837 0.000000111708019 -0.000000004139560 0.000000982499803 0.000000109939634 0.000000219875496 -0.000000768577360 0.000000148931367 0.000000128178557 0.000000129337599 0.000000127947725 0.000000138817908 0.000000124786619 0.000000118688729 0.000000071372682 
0.000000000000000 0.000000000000000 0.000000000000000 0.000000000000000 0.000000000000000 0.000000000000000 0.000000000000000 0.000000000000000 0.000000000000000 0.000000000000000 0.000000000000000 0.000000000000000 0.000000000000000 0.000000000000000 0.000000000000000 0.000000000000000 0.000000000000000 0.000000000000000 0.000000000000000 0.000000000000000 0.000000000000000 0.000000000000000 0.000000000000000 0.000000000000000 0.000000000000000 0.000000000000000 0.000000000000000 0.000000000000000 0.000000000000000 0.000000000000000 0.000000000000000 0.000000000000000 0.000000000000000 0.000000000000000 0.000000000000000 0.000000000000000 0.000000000000000 0.000000000000000 0.000000000000000 0.000000000000000 0.000000000000000 0.000000000000000 0.000000000000000 0.000000000000000 0.000000000000000 0.000000000000000 0.000000000000000 0.000000000000000 0.000000000000000 0.000000000000000 0.000000000000000 0.000000000000000 0.000000000000000 0.000000000000000 0.000000000000000 0.000000000000000 
0.000000360062090 0.000000311605169 0.000000202260497 0.000000267525902 0.000000298910035 0.000000229615715 0.000000232731382 0.000000266568716 0.000000277870101 0.000000297168630 0.000000262053922 0.000000243403289 0.000000363198609 0.000000413982970 0.000000151867549 0.000000111211129 -0.000000321783045 0.000000978231853 0.000000333199262 0.000000154550791 0.000000889593284 0.000000496696506 0.000001037585731 -0.000000169247384 0.000000024135966 0.000000256254030 0.000000204406526 0.000000671263221 0.000000551710090 0.000000518898449 0.000000168000727 0.000000000000000 0.000000236140718 0.000000620202809 0.000000258474869 0.000000167569098 0.000000278942982 0.000000251265352 0.000000149662271 0.000000000000000 0.000000263458827 0.000000135630512 0.000000179031687 0.000000067989693 0.000001567036638 0.000000140720034 0.000000217823887 -0.000000444776836 0.000000207219992 0.000000224604090 0.000000221770589 0.000000204603242 0.000000210993479 0.000000193358544 0.000000185830788 0.000000133580289 
0.000003517285396 0.000002015958901 0.000000436544593 0.000001616600616 0.000001127773154 0.000001456620300 0.000001718507867 0.000000813820297 0.000005756917905 0.000002459720963 0.000003965482117 0.000001490041715 0.000001272022009 0.000003746294051 0.000000951403297 0.000000479343919 -0.000000511704833 0.000000068219547 0.000001415401473 0.000000824459912 0.000067678505662 -0.000001278274081 0.000000523909929 0.000000288891503 0.000000232550357 0.000000831514213 0.000000022794635 0.000000156620724 -0.000000322775237 -0.000000007738184 -0.000000487505245 0.000000000000000 0.000000620202809 0.000035765654153 0.000001106639401 0.000000205849978 0.000000706584311 0.000000726590611 0.000000492202107 0.000000000000000 0.000000730111012 0.000000586620771 0.000000982538530 0.000000519997756 0.000008547955687 0.000001019832435 0.000001224326807 0.000001530058824 0.000000733404129 0.000001399173068 0.000001147469579 0.000000933624467 0.000001008755197 0.000000960823466 0.000000913278460 0.000000684981412 
0.000001121771424 0.000000675030280 0.000000681786644 0.000000344361852 0.000000491439750 0.000001086298167 0.000000574349024 0.000000394041569 0.000000080821014 -0.000000040826754 0.000000159183778 0.000000654476401 0.000001821161652 0.000000811776695 0.000000978811724 0.000000076186305 0.000001847136214 0.000001816861674 -0.000000174825200 0.000000937181932 0.000001654343574 0.000000460115658 0.000000887961314 0.000000875268042 0.000000212612432 0.000003282622252 -0.000000628253706 0.000000788257430 0.000000287303653 0.000000868783108 0.000000428911284 0.000000000000000 0.000000258474869 0.000001106639401 0.000008488683544 -0.000000080137719 0.000000745917912 0.000000049736877 0.000000480129794 0.000000000000000 0.000000264755838 0.000011310982249 0.000000366624255 0.000000192152330 0.000005689994978 0.000000567640084 0.000000506228493 0.000001869574002 0.000000480220330 0.000000540760913 0.000000523424248 0.000000467855530 0.000000604414698 0.000000499099648 0.000000509061506 0.000000541745873 
0.000000210094228 0.000000290907635 0.000000209631372 0.000000176203090 0.000000203220163 0.000000165102446 0.000000192460842 0.000000195275657 0.000000223637567 0.000000297249225 0.000000171092690 0.000000143745350 0.000000213325919 0.000000321365823 0.000000137287180 0.000000191698113 0.000000293487346 0.000000743109410 0.000000554826242 0.000000107270425 0.000001378320381 0.000000795660709 0.000000620211933 -0.000000021571362 0.000000000341704 0.000000040411812 0.000000261954217 0.000000512820464 0.000000532122830 0.000000424526003 0.000000102190915 0.000000000000000 0.000000167569098 0.000000205849978 -0.000000080137719 0.000000168836259 0.000000207849363 0.000000214751030 0.000000111228426 0.000000000000000 0.000000204868490 -0.000000291110411 0.000000130000575 0.000000080486719 0.000000728782120 0.000000056894438 0.000000033925662 -0.000000160273276 0.000000162880766 0.000000162889762 0.000000159616517 0.000000150118884 0.000000159980744 0.000000137444738 0.000000131645485 0.000000099001905 
0.000000533694304 0.000000390443007 0.000000431633736 0.000000338643164 0.000000424311349 0.000000381020233 0.000000357374478 0.000000259476516 0.000000336811972 0.000000332624663 0.000000350920167 0.000000299598553 0.000000387709246 0.000000494064206 0.000000261363481 0.000000317597903 0.000000892356895 0.000001504946170 -0.000000350592276 0.000000291189280 0.000001240683184 0.000000611230736 -0.000000072004618 -0.000000075128960 0.000000034493433 0.000001651589408 -0.000000225931344 0.000000879776379 0.000000872098261 0.000000746879418 0.000000224142433 0.000000000000000 0.000000278942982 0.000000706584311 0.000000745917912 0.000000207849363 0.000000462653544 0.000000300283171 0.000000229586878 0.000000000000000 0.000000349701644 0.000000195476921 0.000000251850776 0.000000112600930 0.000002008364205 0.000000215547244 0.000000232726693 -0.000000357264844 0.000000313118741 0.000000315515799 0.000000306713172 0.000000287240709 0.000000310069265 0.000000277863038 0.000000271367398 0.000000204433056 
0.000000373541523 0.000000385853436 0.000000306771240 0.000000301374132 0.000000325727716 0.000000299154486 0.000000303642252 0.000000330760482 0.000000351755068 0.000000383204738 0.000000300154697 0.000000261431507 0.000000372637917 0.000000529613828 0.000000240868553 0.000000291840133 0.000000495771635 0.000001055450199 0.000000661909742 0.000000177886007 0.000001276289125 0.000000827627532 0.000001229790712 -0.000000028479780 0.000000011111243 0.000000135530012 0.000000872259403 0.000000747293242 0.000000679751946 0.000000577459693 0.000000157202074 0.000000000000000 0.000000251265352 0.000000726590611 0.000000049736877 0.000000214751030 0.000000300283171 0.000000317888919 0.000000159200428 0.000000000000000 0.000000303291532 -0.000000214047647 0.000000203969964 0.000000130055975 0.000003801247129 0.000000136171073 0.000000143691964 -0.000000110671718 0.000000252144340 0.000000259550851 0.000000257030279 0.000000236410211 0.000000245026408 0.000000222459013 0.000000216723936 0.000000170243980 
0.000000273673831 0.000000201718317 0.000000196922525 0.000000165384694 0.000000214051295 0.000000189872742 0.000000193373508 0.000000155278536 0.000000188496433 0.000000173684149 0.000000178194956 0.000000155616522 0.000000239058098 0.000000198652290 0.000000128067680 0.000000127118451 0.000000287505230 0.000000813403540 -0.000000142302084 0.000000163907722 0.000001200406849 0.000000243595660 0.000000397155017 0.000000041385652 0.000000016896667 0.000000413970990 -0.000000185447215 0.000000500385496 0.000000432893719 0.000000401851097 0.000000112013593 0.000000000000000 0.000000149662271 0.000000492202107 0.000000480129794 0.000000111228426 0.000000229586878 0.000000159200428 0.000000128737262 0.000000000000000 0.000000182180371 0.000000207207103 0.000000130680185 0.000000070103731 -0.000000685085654 0.000000098157092 0.000000084025418 0.000000026058400 0.000000158965675 0.000000164904542 0.000000162693130 0.000000148533953 0.000000163889225 0.000000144632377 0.000000144312328 0.000000120853766 
0.000000000000000 0.000000000000000 0.000000000000000 0.000000000000000 0.000000000000000 0.000000000000000 0.000000000000000 0.000000000000000 0.000000000000000 0.000000000000000 0.000000000000000 0.000000000000000 0.000000000000000 0.000000000000000 0.000000000000000 0.000000000000000 0.000000000000000 0.000000000000000 0.000000000000000 0.000000000000000 0.000000000000000 0.000000000000000 0.000000000000000 0.000000000000000 0.000000000000000 0.000000000000000 0.000000000000000 0.000000000000000 0.000000000000000 0.000000000000000 0.000000000000000 0.000000000000000 0.000000000000000 0.000000000000000 0.000000000000000 0.000000000000000 0.000000000000000 0.000000000000000 0.000000000000000 0.000000000000000 0.000000000000000 0.000000000000000 0.000000000000000 0.000000000000000 0.000000000000000 0.000000000000000 0.000000000000000 0.000000000000000 0.000000000000000 0.000000000000000 0.000000000000000 0.000000000000000 0.000000000000000 0.000000000000000 0.000000000000000 0.000000000000000 
0.000000432157755 0.000000377586431 0.000000314042339 0.000000321316029 0.000000366090709 0.000000320429742 0.000000306949021 0.000000294307810 0.000000343049396 0.000000359160265 0.000000314707160 0.000000294018822 0.000000377746508 0.000000486983157 0.000000253177846 0.000000265521629 0.000000367241092 0.000001257501556 0.000000605517013 0.000000208942370 0.000001051986003 0.000000522203504 0.000000754772772 -0.000000075488761 0.000000017643137 0.000000486212916 0.000000338369518 0.000000818596121 0.000000734667854 0.000000641836263 0.000000176262763 0.000000000000000 0.000000263458827 0.000000730111012 0.000000264755838 0.000000204868490 0.000000349701644 0.000000303291532 0.000000182180371 0.000000000000000 0.000000319301818 0.000000036636213 0.000000219090504 0.000000114652275 0.000001974881742 0.000000165523516 0.000000194026350 -0.000000242585543 0.000000265372311 0.000000279255305 0.000000275900113 0.000000252564286 0.000000261808257 0.000000239011247 0.000000233357141 0.000000177728090 
0.000001064019680 0.000002335412232 0.000000402054063 0.000000738261790 0.000000249111279 0.000002019143156 0.000000325191569 0.000000374086467 0.000000366079054 0.000001080013157 -0.000000283198259 0.000001864862304 0.000003517953859 0.000003050260417 0.000003642483002 0.000000517650825 0.000001221407831 0.000000091188929 0.000028944548465 0.000000407720236 -0.000000232377919 -0.000000447010819 0.000001085995629 -0.000000315522174 0.000000160169772 0.000002787607205 0.000000232480261 -0.000000276882720 -0.000000850287651 0.000000259687091 0.000000052460837 0.000000000000000 0.000000135630512 0.000000586620771 0.000011310982249 -0.000000291110411 0.000000195476921 -0.000000214047647 0.000000207207103 0.000000000000000 0.000000036636213 0.000029718946513 0.000000228921828 -0.000000029434316 0.000008648149454 0.000000559819416 0.000000967385940 -0.000000526997603 0.000000326599150 0.000000731124728 0.000000648272410 0.000000520327020 0.000000567481929 0.000000423880210 0.000000346655301 0.000000254290362 
0.000000386137369 0.000000330053853 0.000000235729323 0.000000256325262 0.000000269851019 0.000000260812781 0.000000233478503 0.000000185546137 0.000000266350981 0.000000287713836 0.000000264692736 0.000000235263168 0.000000316513923 0.000000609304818 0.000000190151386 0.000000179370946 0.000000334531785 0.000000830565214 0.000000333978649 0.000000184037597 0.000000866018609 0.000000802081324 0.000000187008057 0.000000043807407 0.000000027231310 -0.000000748499558 -0.000000250077273 0.000000506158507 0.000000440803948 0.000000400734721 0.000000111708019 0.000000000000000 0.000000179031687 0.000000982538530 0.000000366624255 0.000000130000575 0.000000251850776 0.000000203969964 0.000000130680185 0.000000000000000 0.000000219090504 0.000000228921828 0.000000195054624 0.000000096052787 0.000001307302822 0.000000160241933 0.000000180343648 0.000000050192786 0.000000205102645 0.000000221186888 0.000000212199533 0.000000197004747 0.000000205892444 0.000000194821365 0.000000187316468 0.000000155329563 
0.000000142909365 0.000000174819325 0.000000155578367 0.000000114545631 0.000000124196500 0.000000155721195 0.000000136839255 0.000000141269786 0.000000143264754 0.000000154869479 0.000000107030540 0.000000115753162 0.000000140392837 0.000000302642234 0.000000127613181 0.000000128085118 0.000000228131861 0.000000481336595 0.000000567205224 0.000000171123452 0.000000474427671 0.000000520507935 0.000000269425871 0.000000537495024 -0.000000004132809 0.000000802386844 0.000000764782701 0.000000318290561 0.000000297460007 0.000000237959659 -0.000000004139560 0.000000000000000 0.000000067989693 0.000000519997756 0.000000192152330 0.000000080486719 0.000000112600930 0.000000130055975 0.000000070103731 0.000000000000000 0.000000114652275 -0.000000029434316 0.000000096052787 0.000000178153273 0.000001695445855 0.000000055914933 -0.000000082029005 0.000001313527177 0.000000116528335 0.000000123675924 0.000000131525139 0.000000116268011 0.000000118701757 0.000000116458351 0.000000123849933 0.000000157073225 
0.000001892102598 0.000001786084023 0.000000359448677 0.000001229190102 0.000002102325893 0.000000752850168 0.000001318806207 0.000003088894694 0.000002571552731 0.000000729363450 0.000002285076263 0.000001205807119 0.000002966841591 0.000006214916341 0.000001516181282 0.000003790491254 -0.000005392811703 0.000000901873361 -0.000000303553371 0.000001577322459 0.000011723665328 0.000005261063689 0.000006690850911 -0.000001102239651 0.000000112786924 -0.000008581186429 0.000011177101065 0.000002088339780 0.000002846682191 0.000001108147299 0.000000982499803 0.000000000000000 0.000001567036638 0.000008547955687 0.000005689994978 0.000000728782120 0.000002008364205 0.000003801247129 -0.000000685085654 0.000000000000000 0.000001974881742 0.000008648149454 0.000001307302822 0.000001695445855 0.001343853931699 0.000002532237928 -0.000003845056925 0.000002574138922 0.000001022866575 0.000001409040970 0.000000967174722 0.000001154342936 0.000001455401927 0.000001122021400 0.000001243872146 0.000001523961024 
0.000000380759225 0.000000220106509 0.000000189185995 0.000000244547363 0.000000240865249 0.000000259039251 0.000000176139007 0.000000151290869 0.000000212423449 0.000000162069606 0.000000247601820 0.000000229011188 0.000000280917905 0.000000557757196 0.000000164575993 0.000000114935939 0.000000159630177 0.000000583946946 -0.000000100646235 0.000000157226116 -0.000000362753402 0.000000364647474 -0.000000201548226 -0.000000089026959 0.000000040688400 0.000000285618748 0.000000401018988 0.000000327732536 0.000000266868202 0.000000267590285 0.000000109939634 0.000000000000000 0.000000140720034 0.000001019832435 0.000000567640084 0.000000056894438 0.000000215547244 0.000000136171073 0.000000098157092 0.000000000000000 0.000000165523516 0.000000559819416 0.000000160241933 0.000000055914933 0.000002532237928 0.000000195540279 0.000000313865218 -0.000000197175787 0.000000171512426 0.000000190792370 0.000000183625746 0.000000169752969 0.000000169595111 0.000000171049050 0.000000163115147 0.000000121214479 
0.000000528374225 0.000000258873028 0.000000124767924 0.000000391525211 0.000000312490840 0.000000317777199 0.000000133072447 0.000000245634365 0.000000282765906 0.000000202386144 0.000000354351611 0.000000337940503 0.000000417045096 0.000000881084686 0.000000124326982 -0.000000043473420 -0.000001015642893 0.000000328486471 -0.000000362621773 0.000000046816711 -0.000002440236784 0.000000440399360 -0.000000137229111 -0.000000888594686 0.000000085125860 0.000000898456007 0.000002258298364 0.000000218406856 0.000000159132872 0.000000216747089 0.000000219875496 0.000000000000000 0.000000217823887 0.000001224326807 0.000000506228493 0.000000033925662 0.000000232726693 0.000000143691964 0.000000084025418 0.000000000000000 0.000000194026350 0.000000967385940 0.000000180343648 -0.000000082029005 -0.000003845056925 0.000000313865218 0.000000878378690 -0.000002062545376 0.000000193981804 0.000000230067829 0.000000220473043 0.000000208157845 0.000000180914603 0.000000201232091 0.000000171088314 0.000000033496949 
-0.000000447697956 -0.000000303030295 -0.000000151132979 -0.000000426096344 -0.000000307484448 -0.000000107074619 -0.000000008398922 -0.000000018662438 -0.000000477078795 -0.000000462000664 -0.000000465128898 -0.000000183218513 -0.000000164745353 -0.000000057193091 -0.000000189166830 -0.000000451277505 -0.000001559030891 0.000000554043850 0.000000590632819 0.000001047408262 -0.000001002526649 0.000000866276923 0.000001304276095 0.000006506909505 -0.000000110501598 0.000000416159497 -0.000000298029402 0.000000313052321 -0.000000370925200 -0.000000171107829 -0.000000768577360 0.000000000000000 -0.000000444776836 0.000001530058824 0.000001869574002 -0.000000160273276 -0.000000357264844 -0.000000110671718 0.000000026058400 0.000000000000000 -0.000000242585543 -0.000000526997603 0.000000050192786 0.000001313527177 0.000002574138922 -0.000000197175787 -0.000002062545376 0.000016283294791 -0.000000057493551 -0.000000033606030 0.000000085777204 0.000000015558163 0.000000032325414 0.000000116239833 0.000000258507395 0.000000974736927 
0.000000416021966 0.000000362638806 0.000000367525751 0.000000293485411 0.000000316403507 0.000000361591492 0.000000305127750 0.000000253525293 0.000000295485284 0.000000311756878 0.000000283090039 0.000000267571844 0.000000362324945 0.000000579477524 0.000000306524354 0.000000352330186 0.000001235702383 0.000001001593900 0.000000443604916 0.000000209142781 0.000000594379083 0.000000743896209 0.000000355653191 0.000000010234889 0.000000022783389 0.000000390467276 0.000000569056755 0.000000620187783 0.000000599132096 0.000000510930631 0.000000148931367 0.000000000000000 0.000000207219992 0.000000733404129 0.000000480220330 0.000000162880766 0.000000313118741 0.000000252144340 0.000000158965675 0.000000000000000 0.000000265372311 0.000000326599150 0.000000205102645 0.000000116528335 0.000001022866575 0.000000171512426 0.000000193981804 -0.000000057493551 0.000000256635875 0.000000258295459 0.000000251814530 0.000000232533054 0.000000245530591 0.000000224979621 0.000000218627931 0.000000172258879 
0.000000479653638 0.000000427806130 0.000000312215460 0.000000332381642 0.000000339964765 0.000000377725341 0.000000306233953 0.000000262460266 0.000000413619707 0.000000381433535 0.000000343418008 0.000000327325895 0.000000412186137 0.000000656656630 0.000000337272383 0.000000286749892 0.000000593310324 0.000001034346948 0.000001168175478 0.000000217356494 0.000001883273974 0.000000574598395 0.000000291727440 0.000000000854313 0.000000025292972 0.000000287244695 0.000000586104889 0.000000644361960 0.000000592339362 0.000000526183420 0.000000128178557 0.000000000000000 0.000000224604090 0.000001399173068 0.000000540760913 0.000000162889762 0.000000315515799 0.000000259550851 0.000000164904542 0.000000000000000 0.000000279255305 0.000000731124728 0.000000221186888 0.000000123675924 0.000001409040970 0.000000190792370 0.000000230067829 -0.000000033606030 0.000000258295459 0.000000289675356 0.000000279706482 0.000000252433827 0.000000261612168 0.000000241410832 0.000000233444775 0.000000181906357 
0.000000449522069 0.000000390320676 0.000000290989198 0.000000320284716 0.000000334671124 0.000000361253333 0.000000288772225 0.000000268929828 0.000000370940033 0.000000346986349 0.000000312288310 0.000000316354908 0.000000396267867 0.000000587526271 0.000000311015529 0.000000258819037 0.000000421821030 0.000001061207353 0.000001062870824 0.000000218793089 0.000001253633895 0.000000474415140 0.000000383555072 0.000000041717831 0.000000022332472 0.000000314772101 0.000000844847732 0.000000670664252 0.000000600226114 0.000000536218600 0.000000129337599 0.000000000000000 0.000000221770589 0.000001147469579 0.000000523424248 0.000000159616517 0.000000306713172 0.000000257030279 0.000000162693130 0.000000000000000 0.000000275900113 0.000000648272410 0.000000212199533 0.000000131525139 0.000000967174722 0.000000183625746 0.000000220473043 0.000000085777204 0.000000251814530 0.000000279706482 0.000000275313879 0.000000246933130 0.000000253549732 0.000000236089978 0.000000230934576 0.000000185749672 
0.000000408255768 0.000000367691418 0.000000283724789 0.000000291506574 0.000000304135949 0.000000322361315 0.000000263415421 0.000000242825050 0.000000315558004 0.000000322263881 0.000000282149425 0.000000279496293 0.000000366170240 0.000000589707136 0.000000268069410 0.000000231683481 0.000000411818369 0.000000943277416 0.000000803574886 0.000000200345923 0.000000912738423 0.000000649557846 0.000000326915164 0.000000024979273 0.000000024106619 0.000000531771877 0.000000553513009 0.000000593005660 0.000000547928895 0.000000484949149 0.000000127947725 0.000000000000000 0.000000204603242 0.000000933624467 0.000000467855530 0.000000150118884 0.000000287240709 0.000000236410211 0.000000148533953 0.000000000000000 0.000000252564286 0.000000520327020 0.000000197004747 0.000000116268011 0.000001154342936 0.000000169752969 0.000000208157845 0.000000015558163 0.000000232533054 0.000000252433827 0.000000246933130 0.000000225779708 0.000000232668122 0.000000216872451 0.000000209880318 0.000000167536884 
0.000000428968385 0.000000384223621 0.000000316876262 0.000000287400890 0.000000311398557 0.000000338043442 0.000000291787601 0.000000248714396 0.000000333477223 0.000000331437310 0.000000293516464 0.000000273136681 0.000000389134237 0.000000575439404 0.000000278633241 0.000000263945854 0.000000681545804 0.000000995547571 0.000000573529500 0.000000220432472 0.000001535102993 0.000000731082512 0.000000392002133 0.000000045734063 0.000000026388121 0.000000377287150 0.000000362371433 0.000000619147232 0.000000577909828 0.000000513697202 0.000000138817908 0.000000000000000 0.000000210993479 0.000001008755197 0.000000604414698 0.000000159980744 0.000000310069265 0.000000245026408 0.000000163889225 0.000000000000000 0.000000261808257 0.000000567481929 0.000000205892444 0.000000118701757 0.000001455401927 0.000000169595111 0.000000180914603 0.000000032325414 0.000000245530591 0.000000261612168 0.000000253549732 0.000000232668122 0.000000247672876 0.000000224897956 0.000000218521971 0.000000177161493 
0.000000403107611 0.000000338433129 0.000000276667844 0.000000277476423 0.000000292526686 0.000000306872782 0.000000257089400 0.000000229484789 0.000000289827280 0.000000290187211 0.000000276443076 0.000000261724364 0.000000353093347 0.000000582439961 0.000000237111381 0.000000211223605 0.000000429164932 0.000000900555977 0.000000464725534 0.000000206335483 0.000000764000881 0.000000670673780 0.000000332386287 0.000000065813410 0.000000027272650 0.000000418091826 0.000000357948475 0.000000560776359 0.000000500494153 0.000000452346117 0.000000124786619 0.000000000000000 0.000000193358544 0.000000960823466 0.000000499099648 0.000000137444738 0.000000277863038 0.000000222459013 0.000000144632377 0.000000000000000 0.000000239011247 0.000000423880210 0.000000194821365 0.000000116458351 0.000001122021400 0.000000171049050 0.000000201232091 0.000000116239833 0.000000224979621 0.000000241410832 0.000000236089978 0.000000216872451 0.000000224897956 0.000000211772223 0.000000205833475 0.000000170721600 
0.000000385875267 0.000000302298881 0.000000264388761 0.000000262035830 0.000000286244041 0.000000296337971 0.000000252241793 0.000000225440976 0.000000274559011 0.000000258479507 0.000000262041581 0.000000249015009 0.000000330939877 0.000000499684351 0.000000223266372 0.000000206881811 0.000000436151875 0.000000926035874 0.000000327671276 0.000000212320648 0.000000704161768 0.000000509673485 0.000000373391880 0.000000117364664 0.000000023778510 0.000000335542701 0.000000427970304 0.000000577430234 0.000000499355379 0.000000453975009 0.000000118688729 0.000000000000000 0.000000185830788 0.000000913278460 0.000000509061506 0.000000131645485 0.000000271367398 0.000000216723936 0.000000144312328 0.000000000000000 0.000000233357141 0.000000346655301 0.000000187316468 0.000000123849933 0.000001243872146 0.000000163115147 0.000000171088314 0.000000258507395 0.000000218627931 0.000000233444775 0.000000230934576 0.000000209880318 0.000000218521971 0.000000205833475 0.000000203344198 0.000000175590478 
0.000000285217839 0.000000220745512 0.000000202987923 0.000000184592265 0.000000215911745 0.000000221577207 0.000000202780576 0.000000183255890 0.000000165863249 0.000000171868431 0.000000178152891 0.000000186008709 0.000000278012950 0.000000392454199 0.000000154723818 0.000000125285956 0.000000229011764 0.000000791196663 0.000000136674907 0.000000224868910 0.000000262255426 0.000000495110127 0.000000550461874 0.000000403076783 0.000000016623184 0.000000162520075 0.000000010364123 0.000000496730730 0.000000371017442 0.000000362208541 0.000000071372682 0.000000000000000 0.000000133580289 0.000000684981412 0.000000541745873 0.000000099001905 0.000000204433056 0.000000170243980 0.000000120853766 0.000000000000000 0.000000177728090 0.000000254290362 0.000000155329563 0.000000157073225 0.000001523961024 0.000000121214479 0.000000033496949 0.000000974736927 0.000000172258879 0.000000181906357 0.000000185749672 0.000000167536884 0.000000177161493 0.000000170721600 0.000000175590478 0.000000190651057 
