1.000000000000000 0.286814695034783 0.300004157227743 0.348200674140017 0.511438197046330 0.328568352858625 0.387161972922050 0.218678521945808 0.403362115139570 0.255034326267770 0.317901059041460 0.358910003404822 0.345542252525369 0.546754523507016 0.191578738202621 0.189896414865162 0.028642643393074 0.243808430760757 0.048675173934123 0.153464132260568 0.203881203277637 0.074513162776713 0.045762500452211 0.038110252825394 0.064429608438784 -0.013159151174631 0.013677482699098 0.151237102881258 0.113040978289039 0.240956671306564 0.031189020367054 0.000000000130553 0.189116194836268 0.298702626713667 0.155924696873604 0.206336236093407 0.179895765884955 0.216498407039950 0.179678140818422 -0.000000000041114 0.269107703970312 0.096433273309601 0.216502238415105 0.134303320354825 0.025588678646524 0.147358103065581 0.062730173958825 0.018245136330161 0.476469221212736 0.578056516993612 0.451187168218660 0.487350714893140 0.534825041629453 0.448364705017143 0.424090920067353 0.283790434751630 
0.286814695034783 1.000000000000000 0.329163859162069 0.574113032954635 0.410665682930091 0.446124806370454 0.368729093201802 0.216082293261063 0.321860561984777 0.351252869821859 0.235458518038424 0.477235088391077 0.428022971117500 0.501138531840000 0.315662312898911 0.085474052481990 0.004846985314042 0.146670282519070 0.303862317895541 0.237060802566406 0.184480764643694 0.325335732859978 0.039694935715133 0.041556026489666 0.079953050372800 -0.012044120746731 0.003843507834492 0.099920789379388 0.079990772989766 0.172811278090851 -0.002289722863215 -0.000000000015045 0.188311904510263 0.168284180267087 0.099107435140543 0.225552514072202 0.238203007131594 0.173695949494853 0.167409512918160 -0.000000000001854 0.234240521165422 0.267558965097186 0.178900592974192 0.178761717440375 0.006852231204425 0.173748911839847 0.049130284029948 0.004853275076094 0.467783788304967 0.575622094768461 0.504665143517069 0.512454081086801 0.524911460549370 0.502340953544414 0.445815676948507 0.298916026844452 
0.300004157227743 0.329163859162069 1.000000000000000 0.369073744606520 0.517942711072700 0.624402742198323 0.694478175477171 0.198957848728043 0.196762507707509 0.364630995587373 0.219968175932190 0.343515484970558 0.309044122791063 0.192914157388106 0.341372581128604 0.492742930410693 0.669526911194686 0.175256518225625 0.038660156364848 0.290623324787384 -0.016990167850712 0.246686748317085 0.049580003594892 0.071344001649702 0.198332992460937 0.223074608317455 0.003156157377340 0.164594246657857 0.142519186212304 0.267553904822585 0.005421038502029 0.000000000326021 0.185219937208104 0.022716086588386 0.128200500488541 0.242584278154796 0.258219052512036 0.206930577200368 0.294661840264078 0.000000000082599 0.235932674775085 0.030993991628393 0.314665875471342 0.183756477496749 0.026530885131031 0.211127618515994 0.078981531669436 0.031825623477949 0.712275281030338 0.588773855024335 0.535122206536752 0.586288426685303 0.607553206856157 0.588028711882760 0.551577859663988 0.395717298403079 
0.348200674140017 0.574113032954635 0.369073744606520 1.000000000000000 0.530388550058219 0.440278601307219 0.418970493198632 0.319777507482082 0.430683295821213 0.459437119553508 0.286096689285198 0.496566048154191 0.428644024765861 0.173870890652165 0.190459059771414 0.200561825893267 0.049079552176550 0.056057647248092 0.090077863647109 0.223682159472134 0.003589273393721 0.065158995915364 0.032427941029781 0.036230287973306 0.147163527452083 0.015636114735867 0.058780342588447 0.170794463392764 0.101906175009585 0.270140852376195 0.002031717873791 -0.000000000799185 0.321500572160994 0.148706864188314 0.086697568165513 0.279564217439787 0.254752712029958 0.242644000309043 0.224625264529138 -0.000000000094661 0.238932215226761 0.071802938668679 0.219532234402990 0.240820872873126 -0.014009743322705 0.189879799004018 0.091635156052236 0.028234289558707 0.591955739663153 0.617367391803636 0.617789153889004 0.617507441760584 0.614469107154080 0.620609225571902 0.563928350298973 0.394879805735294 
0.511438197046330 0.410665682930091 0.517942711072700 0.530388550058218 1.000000000000000 0.590205995999164 0.608019252574637 0.302881273077641 0.387163632434309 0.300925052657501 0.374621758063181 0.555795690058042 0.428417739197320 0.206989938214104 0.241670324524537 0.350239206664605 0.098626245389071 0.389663743212987 0.061090009382557 0.222839256583868 0.030484985297466 0.070445321575029 0.090579791857529 0.036473781874040 0.129726245788953 -0.012354821790374 0.023238600742422 0.318166995380273 0.131348950396126 0.457176107096934 0.010190331513708 0.000000001212383 0.367755083573958 0.159469439109800 0.101066237326858 0.388720033120797 0.279631257861518 0.321797590911788 0.343637165202169 0.000000000000932 0.377582823568712 0.045454547579218 0.273941922235722 0.311917078602534 0.040912561463831 0.327145268075014 0.086245892423664 0.000142174399537 0.767949283153962 0.790046308241402 0.746811902137856 0.793330596082595 0.775690537281073 0.758525392324540 0.724372306254684 0.506411173502965 
0.328568352858625 0.446124806370454 0.624402742198323 0.440278601307219 0.590205995999164 1.000000000000000 0.681783274839018 0.410816054732038 0.233427829549872 0.258328074048644 0.279318863586874 0.595704966475749 0.438882153614419 0.208191354785303 0.489863977429324 0.396788793567748 0.427599567681479 0.080404052972453 0.261413909868047 0.365976888124153 -0.031451655485867 0.037260695827837 0.066450183541356 0.073904789197742 0.107924031358621 0.012727964906358 0.178658170314466 0.184288346543218 0.118978040213122 0.289679242158137 0.001741103071801 0.000000001028397 0.234825845561354 0.098163256194849 0.327629144170271 0.329230620479835 0.410563687195867 0.221116793441103 0.285761353909650 0.000000000013447 0.327855013460940 0.306133514230219 0.243959680667854 0.217827527497085 0.030535461323898 0.264866243230100 0.096387666397242 0.024515100856958 0.683257960333400 0.717182461642367 0.737264600346831 0.700978412522715 0.685069166086456 0.709106420971759 0.683328824502115 0.491623995218424 
0.387161972922050 0.368729093201802 0.694478175477171 0.418970493198632 0.608019252574637 0.681783274839018 1.000000000000000 0.439252449232100 0.393516734026596 0.376466863358406 0.378008093422646 0.390407577465476 0.316989543902261 0.155242403124211 0.290099427183730 0.437694533169275 0.392911261867540 0.168821832906033 0.023860704771565 0.292736964633357 0.207388703230557 0.027721349772865 0.214271538446300 0.105960331857238 0.172786068953892 -0.006127230549885 -0.007381871630398 0.105153918092445 0.162025049334312 0.318131136353256 0.024732401877864 -0.000000000369931 0.270427297130514 0.212774094028398 0.175400824850787 0.272606613509842 0.350514419890267 0.428159380784120 0.319535126881017 0.000000000131309 0.327804739403501 0.022089260466167 0.273565577792495 0.385940961587441 0.015946639041749 0.329752131489111 0.090764884552501 0.046298151137044 0.708430765674453 0.712909952189358 0.651334229663107 0.703348092434663 0.736114611181900 0.724053556055468 0.713431678789527 0.574773091009992 
0.218678521945808 0.216082293261063 0.198957848728043 0.319777507482082 0.302881273077641 0.410816054732038 0.439252449232100 1.000000000000000 0.224483371623590 0.213801613173999 0.144069133225256 0.267752702674114 0.287768200817332 0.096172342125511 0.295803789319302 0.315936091120259 -0.000726165640532 0.050867216447714 0.040023345259513 0.218569233518712 0.010705289974426 0.020706779433249 0.318002220347530 0.053594487182265 0.053419822724521 0.002593948486962 0.189348503547749 0.044986134762015 0.023658631128007 0.083838218124914 0.002304275489009 0.000000000698152 0.119941566160717 0.009270424704471 0.069703588097516 0.175413306222920 0.197182229289919 0.236438382678256 0.205607719141062 -0.000000000016803 0.193412363487542 0.011687169699325 0.210181148145523 0.188776540874400 0.020702494627206 0.150114427707416 0.064551827394559 0.020410908970603 0.390383858428361 0.400948492892541 0.478737328109737 0.452112945431264 0.419829191121859 0.459989814727642 0.471858713086795 0.412661176054094 
0.403362115139570 0.321860561984777 0.196762507707509 0.430683295821213 0.387163632434309 0.233427829549872 0.393516734026596 0.224483371623590 1.000000000000000 0.517515504720620 0.573987284791289 0.328094059786288 0.304281283558379 0.168225673063667 0.104246327372692 0.211704989698036 -0.002267174500197 0.051560754494640 0.114408049310376 0.137402569886676 0.618814906323552 0.001066840874629 0.037477224694312 0.029611835364954 0.078853318601864 -0.011758006309739 0.186875263888161 0.113167791503072 0.117004202940265 0.151127788572554 -0.003331119295834 -0.000000000257652 0.197655253701566 0.655143040667132 0.039053482197707 0.189786934417625 0.146604734991839 0.211904078728413 0.091780220778739 -0.000000000044055 0.223796361021547 0.013301568649709 0.159513816939259 0.209578531478047 -0.014790665573040 0.085599112689483 0.014108142151936 -0.018205139929387 0.405364843468331 0.471753464162105 0.391310712555823 0.437199699659533 0.480247388023914 0.380927719001540 0.353162965748426 0.204377148630018 
0.255034326267770 0.351252869821859 0.364630995587373 0.459437119553508 0.300925052657501 0.258328074048644 0.376466863358406 0.213801613173999 0.517515504720620 1.000000000000000 0.355556687632450 0.233874106389743 0.326591700578696 0.306482835762010 0.120893002503756 0.204926444845743 -0.001928215667924 0.042304240070964 0.261614271343665 0.107592595921360 0.255022135650571 0.282449463538178 0.041971745607600 0.000425667990823 0.092457772696139 0.005826762043000 0.018098232925912 0.176512147323598 0.068662308108051 0.202054634452777 -0.037699813201578 -0.000000000542964 0.175789745063698 0.199897965981929 0.009930941128055 0.195306345524972 0.124142398421157 0.230015490985480 0.117963471667792 0.000000000095967 0.199443473974409 0.068723806859014 0.086164120718129 0.219283497085674 -0.010073380028214 0.080567095365221 0.027349780246912 -0.035001941780249 0.456120613049668 0.415650790877548 0.458929517974752 0.449148359406759 0.450980089144152 0.445630693362780 0.355093662193871 0.196782189476788 
0.317901059041460 0.235458518038424 0.219968175932190 0.286096689285198 0.374621758063181 0.279318863586874 0.378008093422646 0.144069133225256 0.573987284791289 0.355556687632450 1.000000000000000 0.323745806694671 0.226202608552758 0.225908997096949 0.103395886235305 0.081895161408947 0.028965217538108 0.048551117610096 0.000679933612807 0.141639967086330 0.334981681703167 0.021779330333224 0.050356130051732 0.009017207113867 0.071483819830759 -0.026117400067004 0.024669033663125 0.148594450977825 0.126040494909567 0.163464096281240 -0.012121146591365 0.000000000168722 0.102224957597724 0.428713933871866 0.049805332331787 0.215946793384965 0.178191880186298 0.291522767141680 0.100306616916373 -0.000000000086771 0.356746535430005 0.009230889935994 0.115099388524192 0.122937983103934 0.005519484610710 0.165414051061274 0.026030554775078 -0.041323807146908 0.433908609717599 0.462412979731458 0.405600351314553 0.465660432472944 0.516119068943283 0.426295192621779 0.372457187988594 0.209257260412313 
0.358910003404822 0.477235088391077 0.343515484970558 0.496566048154191 0.555795690058042 0.595704966475749 0.390407577465477 0.267752702674114 0.328094059786288 0.233874106389743 0.323745806694671 1.000000000000000 0.621344749500488 0.243093153236576 0.410549628527311 0.144271059532363 0.061378284956600 0.090168052099019 0.435691492224898 0.273648607990168 -0.015120553141235 0.060214491166815 0.097574444799171 0.035384626768223 0.135624412073006 0.013060406578266 0.043988555148915 0.406149339743245 0.067376862620962 0.307432987418105 -0.010028037830732 0.000000000196470 0.323467187832534 0.199654283685990 0.101725786605813 0.278770627942634 0.228045974644009 0.300131732120655 0.162109168886311 -0.000000000020037 0.349862003971873 0.365894030202615 0.184560764066507 0.229855387236217 0.015466781964471 0.131989971695516 0.066107095094618 0.008289387539381 0.592188287984658 0.705717536179092 0.640631795588424 0.633967561429621 0.551423545394958 0.572198752001005 0.533780367273002 0.348882245093387 
0.345542252525369 0.428022971117500 0.309044122791063 0.428644024765861 0.428417739197320 0.438882153614419 0.316989543902261 0.287768200817332 0.304281283558379 0.326591700578696 0.226202608552758 0.621344749500488 1.000000000000000 0.290498780538875 0.271037096170965 0.114289025692257 0.048204043615446 0.284811572689808 0.286260163976760 0.178135975672567 -0.017776633482557 0.284918305859895 0.424223287853497 0.042527893434314 0.058814007410254 0.011275503735636 0.031786525379821 0.150052274247584 0.086990988287536 0.198774134598125 -0.003152870067706 0.000000000423853 0.153033865175574 0.120449617648788 0.273551685604307 0.187282048451569 0.220615524369235 0.189847705632524 0.101146834516083 -0.000000000055554 0.294509717760687 0.528266379253179 0.245926239879877 0.133555369757559 0.030988417391718 0.092282254097915 0.034977583297804 -0.002958408206440 0.453393468202403 0.536259152512490 0.480434681237976 0.494290372584673 0.459288485979925 0.441504603786992 0.390546521194807 0.233555270108769 
0.546754523507016 0.501138531840000 0.192914157388106 0.173870890652165 0.206989938214104 0.208191354785303 0.155242403124211 0.096172342125511 0.168225673063667 0.306482835762010 0.225908997096949 0.243093153236576 0.290498780538875 1.000000000000000 0.118685880460048 0.102982299910459 0.001602878447817 0.038817434137255 0.222770512776672 0.090136079942932 -0.008545240764826 0.403830141767572 -0.000433550229164 0.030288150866669 0.015140051130708 -0.020373844375159 -0.005981980922227 0.030554988571292 0.027537776209666 0.078250256684788 0.006360442787479 -0.000000000029956 0.040038740794134 0.107964238779087 0.084900184780507 0.090182957288478 0.119208395314606 0.089702122310443 0.090559433551765 0.000000000010771 0.139473990511902 0.137309530499054 0.042025865999587 0.048774448763140 0.026974719446246 0.122538786045940 0.004045052742033 0.016939115674249 0.233139423858428 0.307509618204542 0.228374472008669 0.274838741378778 0.281916220476678 0.261403181415768 0.199927954135855 0.143807484013163 
0.191578738202621 0.315662312898911 0.341372581128604 0.190459059771414 0.241670324524537 0.489863977429324 0.290099427183730 0.295803789319302 0.104246327372692 0.120893002503756 0.103395886235305 0.410549628527311 0.271037096170965 0.118685880460048 1.000000000000000 0.267713814837277 0.303484041528027 0.038327076352178 0.405837852643329 0.190300233725266 -0.028574811963915 0.006045682450325 0.060937223269396 0.026867736940679 0.006413942124857 0.009770530108145 0.051344941975991 0.128456916086519 0.091783542035798 0.139372295429535 0.021523802780552 -0.000000000498297 0.113930303804891 0.000393204120552 0.087878019530479 0.152004591152480 0.202342554775794 0.101434074494893 0.101978627273007 -0.000000000000461 0.128226176411960 0.350867990794967 0.078205290733676 0.111262926251733 0.016663483813144 0.090669084531674 0.029621838870302 0.031294668260182 0.479983575954791 0.365254467428003 0.434834271279366 0.365922195233623 0.356586686965533 0.345772758351298 0.348616123196025 0.239831653039696 
0.189896414865162 0.085474052481990 0.492742930410693 0.200561825893267 0.350239206664605 0.396788793567747 0.437694533169275 0.315936091120259 0.211704989698036 0.204926444845743 0.081895161408947 0.144271059532363 0.114289025692257 0.102982299910459 0.267713814837277 1.000000000000000 0.592029476001756 0.039258900298618 0.191383996594045 0.133708919218889 -0.015580237903770 0.008102691290482 0.011104013080518 0.034395239671852 0.057420041433211 -0.032137738641517 0.090437848577324 0.053816859047851 0.098129100589625 0.147718073654153 0.009101310546514 -0.000000000257772 0.085336220410522 0.010431363362184 0.051952496371531 0.120831878043230 0.155055501234016 0.120420264408365 0.121611246409534 0.000000000009074 0.116528078643744 0.014824170388913 0.103720711398455 0.126605230682831 0.036679766878982 0.127192104773745 0.028977446928809 0.035120515276853 0.330001788327384 0.267334175628793 0.241013865690871 0.271972791258926 0.294222706646800 0.267552552058408 0.279565895903079 0.255387478897623 
0.028642643393074 0.004846985314042 0.669526911194686 0.049079552176550 0.098626245389071 0.427599567681479 0.392911261867540 -0.000726165640532 -0.002267174500197 -0.001928215667924 0.028965217538108 0.061378284956600 0.048204043615446 0.001602878447817 0.303484041528027 0.592029476001756 1.000000000000000 0.012731683613502 0.011827687172954 -0.011731213734094 -0.052019351589575 -0.012431236240734 0.013838068071597 -0.002936546668196 0.004667333899820 -0.016536953819043 -0.015032054829585 0.034189177346658 0.029534420150382 0.008572576737204 0.006786856339934 0.000000000007691 0.033001069043742 -0.016757702611789 0.007669410340549 0.056549699950338 0.063894517790699 0.060883267381156 0.034641767423677 -0.000000000001873 0.026742007956857 0.013266499387308 0.034590957821146 0.004625821593316 0.004115512942522 -0.010108352111747 0.008827996312496 0.018465180328925 0.246967904523258 0.117089289904679 0.065146111327944 0.081214763783445 0.133016930373237 0.091055586299063 0.094262416989914 0.082631430395763 
0.243808430760757 0.146670282519070 0.175256518225625 0.056057647248092 0.389663743212987 0.080404052972453 0.168821832906033 0.050867216447713 0.051560754494640 0.042304240070964 0.048551117610096 0.090168052099019 0.284811572689808 0.038817434137255 0.038327076352178 0.039258900298618 0.012731683613502 1.000000000000000 0.050376667797017 0.014657451819875 0.008032502058864 0.017079874471637 0.017822543610951 0.025489524002818 -0.013911671947004 -0.002343841006879 0.018044405238530 0.189615491274906 -0.003308330402511 0.100213522823996 0.036309633743121 -0.000000000013892 0.044308403869182 0.020783540736900 0.036560586728714 -0.008091444441383 -0.007123250288455 0.043079157641059 0.104482805222682 -0.000000000001537 0.208808386489151 0.031179069918114 0.271201903356724 -0.004344938753044 0.010929311284179 -0.011237859480221 -0.000615233054860 -0.000988827548078 0.161905545591967 0.202591792041272 0.155767105827864 0.152630570457139 0.217558910452896 0.131549953026137 0.184076846572580 0.152974512810392 
0.048675173934123 0.303862317895541 0.038660156364848 0.090077863647109 0.061090009382557 0.261413909868047 0.023860704771565 0.040023345259513 0.114408049310376 0.261614271343665 0.000679933612807 0.435691492224898 0.286260163976759 0.222770512776672 0.405837852643329 0.191383996594045 0.011827687172954 0.050376667797017 1.000000000000000 0.035841851186040 -0.037891846614173 -0.013324709807767 0.033602919972894 0.020250987904882 -0.010610040362274 0.016498890322744 0.001291759050374 0.089495757813798 0.012296433471908 0.054107048155713 0.016431197335376 0.000000000014836 0.023261210081402 -0.024169223001655 -0.008330335377751 0.033746152247876 0.016257632386431 0.016938238066009 -0.007819553785254 -0.000000000001462 0.025745635853951 0.576456036962391 0.011752564089972 0.030518974398781 -0.003196772018051 0.004985318364127 -0.015047629241604 0.021916115404818 0.047443940817599 0.178767908122793 0.151114799581214 0.133037718912034 0.079505921107403 0.066095021391239 0.056001764014224 0.044372146127065 
0.153464132260568 0.237060802566406 0.290623324787384 0.223682159472134 0.222839256583868 0.365976888124153 0.292736964633357 0.218569233518712 0.137402569886676 0.107592595921360 0.141639967086330 0.273648607990168 0.178135975672567 0.090136079942932 0.190300233725266 0.133708919218889 -0.011731213734094 0.014657451819875 0.035841851186040 1.000000000000000 0.013776825336222 0.106879001835463 0.010374434595552 0.326662356742122 0.022650464410586 0.005617212192630 0.058332515130294 0.071378144161320 -0.015856593583566 0.074063773390247 -0.005847383542123 0.000000000087404 0.135159380569240 -0.003391716919327 0.264293927203689 0.021971608223708 0.533132709998079 0.082795549509017 0.139164828854899 0.000000000040164 0.294183690589853 -0.009134500099413 0.129452589862115 0.286996603408962 -0.006650927888012 0.291927307752045 -0.003843097552181 0.196296291053530 0.400642982677818 0.396663793489884 0.412054248339502 0.431957499791503 0.396340124947918 0.454622139131465 0.491903357433887 0.441508394379810 
0.203881203277637 0.184480764643694 -0.016990167850712 0.003589273393721 0.030484985297466 -0.031451655485867 0.207388703230557 0.010705289974426 0.618814906323552 0.255022135650571 0.334981681703167 -0.015120553141235 -0.017776633482557 -0.008545240764826 -0.028574811963915 -0.015580237903770 -0.052019351589575 0.008032502058864 -0.037891846614173 0.013776825336222 1.000000000000000 -0.022860311757723 -0.011054022381175 -0.010001012957564 0.007347034609857 -0.007094639760508 -0.009889609966879 0.001658335566123 0.018888372700154 0.039654553121307 0.022628000451599 0.000000000005152 0.025896486924671 0.772653201328029 -0.002801302044213 0.037528372558629 -0.004344231275000 -0.011956860108869 0.045491354218502 -0.000000000000488 -0.004205700893999 -0.020291825016984 0.006929566570078 -0.018731045761634 -0.003737558928103 0.031188557556908 -0.001180921658879 -0.025569985320258 0.014581562074181 0.121670679265768 0.051595062217601 0.043176271884480 0.128761406993574 0.021769688614696 0.046123909423621 0.024712106558528 
0.074513162776713 0.325335732859978 0.246686748317085 0.065158995915364 0.070445321575029 0.037260695827836 0.027721349772865 0.020706779433249 0.001066840874629 0.282449463538177 0.021779330333224 0.060214491166815 0.284918305859895 0.403830141767572 0.006045682450325 0.008102691290482 -0.012431236240734 0.017079874471637 -0.013324709807767 0.106879001835463 -0.022860311757723 1.000000000000000 -0.014052701888722 0.082736489358846 0.064944772452476 0.001001259413305 -0.030380578318931 0.002427281136377 0.002420807798425 0.007063776317751 -0.001585886702249 -0.000000000003519 0.047969446070196 -0.012335567711010 0.033603202850571 0.055345497622282 0.018686370481461 0.067764003712393 0.039777579886806 -0.000000000003103 0.062171415174417 -0.018862692088873 0.079374106941970 0.041956176889555 0.001833492514403 0.045186831307008 -0.005164540920531 0.006533566315517 0.186618557734377 0.127098682011892 0.083026394298693 0.160476905843145 0.181905927921563 0.159835923227577 0.112648245303327 0.087891729552298 
0.045762500452211 0.039694935715133 0.049580003594892 0.032427941029781 0.090579791857529 0.066450183541356 0.214271538446300 0.318002220347530 0.037477224694312 0.041971745607600 0.050356130051732 0.097574444799171 0.424223287853497 -0.000433550229164 0.060937223269396 0.011104013080518 0.013838068071597 0.017822543610951 0.033602919972894 0.010374434595552 -0.011054022381175 -0.014052701888722 1.000000000000000 -0.013670342204053 0.000341408137314 0.000624444672567 -0.002097031138729 0.097691161337904 -0.001211341359465 0.089939704986135 -0.002133842944951 -0.000000000020757 0.068538965937587 -0.033265747422804 0.006866749714084 0.091145790488034 0.021851494212809 0.081756010520328 0.009635317190828 0.000000000000941 0.080065708408998 0.000793762945257 -0.011397858474163 0.044255751303317 0.023449608499880 0.025395950512162 0.010416653421696 0.003708906727725 0.099330177972182 0.098199585586960 0.121390636497949 0.087359301548888 0.100808138165794 0.086268419236230 0.080379458821257 0.065671429454059 
0.038110252825394 0.041556026489666 0.071344001649702 0.036230287973306 0.036473781874040 0.073904789197742 0.105960331857238 0.053594487182265 0.029611835364954 0.000425667990823 0.009017207113867 0.035384626768223 0.042527893434314 0.030288150866669 0.026867736940679 0.034395239671852 -0.002936546668196 0.025489524002818 0.020250987904882 0.326662356742122 -0.010001012957564 0.082736489358846 -0.013670342204053 1.000000000000000 -0.001580225850902 -0.015848107268794 -0.004201310463005 -0.013477933190898 0.005102325684323 -0.005987396602808 0.027116126227274 -0.000000000036627 0.017355261391288 0.011654392742698 0.107601143102077 0.016650839520144 0.040884415286216 -0.006362994886149 -0.002535459494837 -0.000000000019177 0.024788530643402 0.008595592664469 0.035102693433615 0.435116040132033 0.003432521131066 0.020558937017132 -0.019438120637691 0.609952510561372 0.095503727918013 0.124445018917455 0.116988542068215 0.126310255265664 0.124064048231662 0.136490801960200 0.185685927875923 0.338497972629438 
0.064429608438784 0.079953050372800 0.198332992460937 0.147163527452083 0.129726245788953 0.107924031358621 0.172786068953892 0.053419822724521 0.078853318601864 0.092457772696138 0.071483819830759 0.135624412073006 0.058814007410254 0.015140051130708 0.006413942124857 0.057420041433211 0.004667333899820 -0.013911671947004 -0.010610040362274 0.022650464410586 0.007347034609857 0.064944772452476 0.000341408137314 -0.001580225850902 1.000000000000000 -0.020492961195205 -0.022397322795098 0.007574833082134 -0.002700970504083 -0.002027099872220 -0.008543313892890 0.000000001328657 0.004320666820463 0.047106411040388 0.084052754008478 0.000630608927786 0.005289068999238 0.010273976336375 0.337717222591639 -0.000000000204999 0.018033427988579 0.029856280127538 0.269382370472093 -0.001542088417652 0.019658911561477 -0.001960541078364 0.279037175309861 0.009034762705406 0.196717912573656 0.144485343929711 0.158986321141759 0.160273878655464 0.205924697262382 0.204406752012398 0.182485142241159 0.131661528876817 
-0.013159151174631 -0.012044120746731 0.223074608317455 0.015636114735867 -0.012354821790374 0.012727964906358 -0.006127230549885 0.002593948486962 -0.011758006309739 0.005826762043000 -0.026117400067004 0.013060406578266 0.011275503735636 -0.020373844375159 0.009770530108145 -0.032137738641517 -0.016536953819043 -0.002343841006879 0.016498890322744 0.005617212192630 -0.007094639760508 0.001001259413305 0.000624444672567 -0.015848107268794 -0.020492961195205 1.000000000000000 0.006820999415585 -0.021655101377385 -0.026208091984338 0.006541197526083 0.020619120472205 -0.000000000001149 0.048379586169798 0.007936620734342 -0.004059014710487 -0.007647751116514 -0.007116390702738 -0.029594731077629 -0.023349927076066 -0.000000000000152 -0.023629886341679 0.012061237701150 -0.015608197766630 0.026968769303735 0.031819191059510 0.012059892539076 -0.013575499471888 0.011368868144072 -0.004606979150987 0.003215402167393 0.001516583045309 0.019586192282720 0.005376288441691 0.019196907148966 0.005926317303918 0.009184288305717 
0.013677482699098 0.003843507834492 0.003156157377340 0.058780342588447 0.023238600742422 0.178658170314466 -0.007381871630398 0.189348503547749 0.186875263888161 0.018098232925912 0.024669033663125 0.043988555148915 0.031786525379821 -0.005981980922227 0.051344941975991 0.090437848577324 -0.015032054829585 0.018044405238530 0.001291759050374 0.058332515130294 -0.009889609966879 -0.030380578318931 -0.002097031138729 -0.004201310463005 -0.022397322795098 0.006820999415585 1.000000000000000 0.014999194414984 -0.001477613145515 -0.014086655569063 0.006396302353627 0.000000000000176 -0.008774292673677 -0.001725137136661 0.000148443998931 -0.025105386572072 0.019492705369678 -0.000263701850647 -0.022581658414804 0.000000000000032 0.006658124849469 0.009917388258261 -0.011893667825831 0.055385615008835 -0.017237742340588 0.017147810284028 0.008437747224968 0.001888492542591 0.097430769431865 0.080283359756440 0.116446393903776 0.084389049696081 0.051715018320279 0.054231184593477 0.072828040672466 0.011802325844504 
0.151237102881258 0.099920789379388 0.164594246657857 0.170794463392764 0.318166995380273 0.184288346543218 0.105153918092445 0.044986134762015 0.113167791503072 0.176512147323598 0.148594450977825 0.406149339743245 0.150052274247584 0.030554988571292 0.128456916086519 0.053816859047851 0.034189177346658 0.189615491274906 0.089495757813798 0.071378144161320 0.001658335566123 0.002427281136377 0.097691161337904 -0.013477933190898 0.007574833082134 -0.021655101377385 0.014999194414984 1.000000000000000 -0.017845147518983 0.495886197840523 -0.017967098795017 0.000000000018507 0.257656249217010 -0.001409115833759 -0.012839030095203 -0.001768108769128 -0.013951037340166 0.180615735783606 0.148350788620389 0.000000000011018 0.199974032701064 -0.000419794313626 0.012962214324607 0.013741159398589 0.019668859465960 0.010739181677822 -0.001765359680094 -0.000998155505911 0.287186769620101 0.225836122252122 0.221894842529243 0.196870790850901 0.232423674912308 0.204439890018745 0.179141726404664 0.114185126402745 
0.113040978289039 0.079990772989766 0.142519186212304 0.101906175009585 0.131348950396126 0.118978040213122 0.162025049334312 0.023658631128007 0.117004202940265 0.068662308108051 0.126040494909567 0.067376862620962 0.086990988287536 0.027537776209666 0.091783542035798 0.098129100589625 0.029534420150382 -0.003308330402511 0.012296433471908 -0.015856593583566 0.018888372700154 0.002420807798425 -0.001211341359465 0.005102325684323 -0.002700970504083 -0.026208091984338 -0.001477613145515 -0.017845147518983 1.000000000000000 0.461442738497351 0.013776747486433 0.000000000035376 -0.027200149551602 0.003822788619461 0.037334224998475 0.436246074894430 0.434136115284405 -0.012880754871489 -0.010410711923249 0.000000000007378 -0.016513661141908 -0.021147638805503 -0.005131324828015 -0.013589270029398 0.002678954796744 -0.030910950544843 -0.003101760356665 -0.005885304008570 0.191931768040050 0.205325752505391 0.267908290939210 0.248640753176329 0.220952187905878 0.191017051194534 0.212638649575558 0.117344518837188 
0.240956671306564 0.172811278090851 0.267553904822584 0.270140852376195 0.457176107096934 0.289679242158137 0.318131136353256 0.083838218124914 0.151127788572554 0.202054634452777 0.163464096281240 0.307432987418105 0.198774134598125 0.078250256684789 0.139372295429535 0.147718073654153 0.008572576737204 0.100213522823996 0.054107048155713 0.074063773390247 0.039654553121307 0.007063776317751 0.089939704986135 -0.005987396602808 -0.002027099872220 0.006541197526083 -0.014086655569063 0.495886197840523 0.461442738497351 1.000000000000000 0.007898098433051 -0.000000000078753 0.280848382986507 -0.010740206400583 0.074955905211376 0.194042954062548 0.288364093771102 0.121933757021893 0.153154741063778 -0.000000000028556 0.170187872738991 0.006282137558377 0.079663790500663 0.127392384466794 0.030024824698979 0.261065754830739 0.011232037606194 -0.001731547078415 0.408707917216239 0.418586705624467 0.430784327362231 0.413268792433327 0.416003241028972 0.399775356786982 0.369903723272762 0.214529147383460 
0.031189020367054 -0.002289722863215 0.005421038502029 0.002031717873791 0.010190331513708 0.001741103071801 0.024732401877864 0.002304275489009 -0.003331119295834 -0.037699813201578 -0.012121146591365 -0.010028037830732 -0.003152870067706 0.006360442787479 0.021523802780552 0.009101310546514 0.006786856339934 0.036309633743121 0.016431197335376 -0.005847383542123 0.022628000451599 -0.001585886702249 -0.002133842944951 0.027116126227274 -0.008543313892890 0.020619120472205 0.006396302353627 -0.017967098795017 0.013776747486433 0.007898098433051 1.000000000000000 -0.000000000014887 0.203817763778232 0.008957726661556 0.016566786426911 0.012371206641659 0.223928780230225 -0.001073964002844 0.016947374101034 0.000000000004557 -0.022492570844204 0.008238356906698 -0.009411466062449 -0.006683101255592 -0.000343571935036 0.002922790043007 0.012610238380465 0.037071143061496 0.027417540937217 0.020221848061784 0.017341470139300 0.035360977602405 0.061782181881081 0.047484962372094 0.079431275181071 0.200654519755055 
0.000000000130553 -0.000000000015045 0.000000000326021 -0.000000000799185 0.000000001212383 0.000000001028397 -0.000000000369931 0.000000000698152 -0.000000000257652 -0.000000000542964 0.000000000168722 0.000000000196470 0.000000000423853 -0.000000000029956 -0.000000000498297 -0.000000000257772 0.000000000007691 -0.000000000013892 0.000000000014836 0.000000000087404 0.000000000005152 -0.000000000003519 -0.000000000020757 -0.000000000036627 0.000000001328657 -0.000000000001149 0.000000000000176 0.000000000018507 0.000000000035376 -0.000000000078753 -0.000000000014887 1.000000000000000 0.000000000415540 -0.000000000017711 0.000000000011546 0.000000000345612 -0.000000000285635 -0.000000000241006 -0.000000000505349 -0.000000000000002 -0.000000000015580 -0.000000000021434 -0.000000000188103 -0.000000000252141 -0.000000000000054 -0.000000000270193 -0.000000000013565 -0.000000000006524 -0.000000000915924 0.000000002497648 -0.000000003776387 0.000000001682459 -0.000000004945193 0.000000013689230 -0.000000010343210 0.000000003225600 
0.189116194836268 0.188311904510263 0.185219937208104 0.321500572160994 0.367755083573958 0.234825845561354 0.270427297130514 0.119941566160717 0.197655253701566 0.175789745063698 0.102224957597724 0.323467187832534 0.153033865175574 0.040038740794134 0.113930303804891 0.085336220410522 0.033001069043742 0.044308403869182 0.023261210081402 0.135159380569240 0.025896486924671 0.047969446070196 0.068538965937587 0.017355261391288 0.004320666820463 0.048379586169798 -0.008774292673677 0.257656249217010 -0.027200149551602 0.280848382986507 0.203817763778232 0.000000000415540 1.000000000000000 -0.005991332753955 0.010294983203883 0.190081426505572 0.151746472135449 0.186137114664302 -0.008685562358825 0.000000000026370 0.173298010293147 -0.004323677312862 0.101196197523343 0.235114554937891 -0.009860362749992 0.058439163556783 -0.006452798120500 0.000357741392231 0.346105908398721 0.315776768834881 0.299768778050965 0.373579539998656 0.357074519797979 0.351167818180502 0.338918460064286 0.322177717740642 
0.298702626713667 0.168284180267087 0.022716086588386 0.148706864188314 0.159469439109800 0.098163256194849 0.212774094028398 0.009270424704471 0.655143040667132 0.199897965981929 0.428713933871866 0.199654283685990 0.120449617648788 0.107964238779087 0.000393204120552 0.010431363362184 -0.016757702611789 0.020783540736900 -0.024169223001655 -0.003391716919327 0.772653201328029 -0.012335567711010 -0.033265747422804 0.011654392742698 0.047106411040388 0.007936620734342 -0.001725137136661 -0.001409115833759 0.003822788619461 -0.010740206400583 0.008957726661556 -0.000000000017711 -0.005991332753955 1.000000000000000 -0.004963737485143 0.008296180967916 -0.032431853064590 0.000077960331462 0.008381662948201 0.000000000005051 0.006419431141870 0.015799362906394 0.057242875106575 -0.019700425091249 -0.007227510487796 0.084790610741626 0.005648271451335 0.058794945089463 0.074974443425466 0.221802739369528 0.135328165124652 0.120089656278366 0.152998572712829 0.111611652726802 0.131833981479396 0.091802105128543 
0.155924696873604 0.099107435140543 0.128200500488541 0.086697568165513 0.101066237326858 0.327629144170271 0.175400824850787 0.069703588097516 0.039053482197707 0.009930941128055 0.049805332331787 0.101725786605813 0.273551685604307 0.084900184780507 0.087878019530479 0.051952496371531 0.007669410340549 0.036560586728714 -0.008330335377751 0.264293927203689 -0.002801302044213 0.033603202850571 0.006866749714084 0.107601143102077 0.084052754008478 -0.004059014710487 0.000148443998931 -0.012839030095203 0.037334224998475 0.074955905211376 0.016566786426911 0.000000000011546 0.010294983203883 -0.004963737485143 1.000000000000000 0.052438644340775 0.236439760948228 0.011158164892220 0.091274645351605 -0.000000000001515 0.034829555517192 0.427859174169868 0.067880418668695 0.020003674716652 0.018487324690143 0.056274787664676 -0.008252049124217 0.050933595468341 0.193821110768729 0.196194934356763 0.214245894207815 0.214849168532100 0.289964064415570 0.213445002239096 0.236240823013165 0.182283649582059 
0.206336236093407 0.225552514072202 0.242584278154796 0.279564217439787 0.388720033120797 0.329230620479835 0.272606613509842 0.175413306222920 0.189786934417625 0.195306345524972 0.215946793384965 0.278770627942634 0.187282048451569 0.090182957288478 0.152004591152480 0.120831878043230 0.056549699950338 -0.008091444441383 0.033746152247876 0.021971608223708 0.037528372558629 0.055345497622282 0.091145790488034 0.016650839520144 0.000630608927786 -0.007647751116514 -0.025105386572072 -0.001768108769128 0.436246074894430 0.194042954062548 0.012371206641659 0.000000000345612 0.190081426505572 0.008296180967916 0.052438644340775 1.000000000000000 0.192160733955044 0.189253174360017 0.171177607283847 0.000000000066579 0.261374598924992 -0.012915259673170 0.059854560564891 0.115358971062677 0.032130510584284 -0.008658520610100 -0.016188222419524 -0.020728954422557 0.442762631761366 0.455317036824306 0.485717973127525 0.490211703340178 0.491183583300845 0.442627503666896 0.423423303252890 0.291870926708481 
0.179895765884955 0.238203007131594 0.258219052512036 0.254752712029958 0.279631257861518 0.410563687195867 0.350514419890267 0.197182229289919 0.146604734991839 0.124142398421157 0.178191880186298 0.228045974644009 0.220615524369235 0.119208395314606 0.202342554775794 0.155055501234016 0.063894517790699 -0.007123250288455 0.016257632386431 0.533132709998079 -0.004344231275000 0.018686370481461 0.021851494212809 0.040884415286216 0.005289068999238 -0.007116390702738 0.019492705369678 -0.013951037340166 0.434136115284405 0.288364093771102 0.223928780230225 -0.000000000285635 0.151746472135449 -0.032431853064590 0.236439760948228 0.192160733955044 1.000000000000000 0.058710986212370 0.073268803339134 -0.000000000055342 0.153838483512249 0.023623125684273 0.091612814188927 0.129356081444930 0.001211888239377 0.116264336004063 0.077035930813188 0.023733253805035 0.385605865179800 0.429979345606216 0.479638688810549 0.476782866987466 0.432752698120384 0.485337217377567 0.521420442005580 0.437134979865141 
0.216498407039950 0.173695949494853 0.206930577200368 0.242644000309043 0.321797590911788 0.221116793441103 0.428159380784120 0.236438382678257 0.211904078728413 0.230015490985480 0.291522767141680 0.300131732120656 0.189847705632524 0.089702122310443 0.101434074494893 0.120420264408365 0.060883267381156 0.043079157641059 0.016938238066009 0.082795549509017 -0.011956860108869 0.067764003712393 0.081756010520328 -0.006362994886148 0.010273976336375 -0.029594731077629 -0.000263701850647 0.180615735783606 -0.012880754871489 0.121933757021893 -0.001073964002844 -0.000000000241006 0.186137114664302 0.000077960331462 0.011158164892220 0.189253174360017 0.058710986212370 1.000000000000000 0.255776794562201 -0.000000000035537 0.451596053407298 0.022037194003043 0.248950336862090 0.376444886051258 0.005363931959756 0.011727921782855 0.000935777170163 -0.011842592096324 0.412190219422589 0.419178890435210 0.377854106861392 0.445049006112070 0.418622686647706 0.421196255141815 0.399505693445215 0.353472213378672 
0.179678140818422 0.167409512918160 0.294661840264078 0.224625264529138 0.343637165202169 0.285761353909650 0.319535126881017 0.205607719141062 0.091780220778739 0.117963471667792 0.100306616916373 0.162109168886311 0.101146834516083 0.090559433551765 0.101978627273007 0.121611246409535 0.034641767423677 0.104482805222682 -0.007819553785254 0.139164828854899 0.045491354218502 0.039777579886806 0.009635317190828 -0.002535459494837 0.337717222591639 -0.023349927076066 -0.022581658414804 0.148350788620389 -0.010410711923249 0.153154741063778 0.016947374101034 -0.000000000505349 -0.008685562358825 0.008381662948201 0.091274645351605 0.171177607283847 0.073268803339134 0.255776794562202 1.000000000000000 0.000000000014511 0.144582946373634 0.008445782382564 0.230304435619344 0.100872151228116 0.024954841773339 0.136196905640153 0.096809406636456 0.006203001362224 0.364331152460223 0.339665474332723 0.355397249776862 0.381833650129518 0.387582443571233 0.414425048336759 0.400490254610583 0.383639588003510 
-0.000000000041114 -0.000000000001854 0.000000000082599 -0.000000000094661 0.000000000000932 0.000000000013447 0.000000000131309 -0.000000000016803 -0.000000000044055 0.000000000095967 -0.000000000086771 -0.000000000020037 -0.000000000055554 0.000000000010771 -0.000000000000461 0.000000000009074 -0.000000000001873 -0.000000000001537 -0.000000000001462 0.000000000040164 -0.000000000000488 -0.000000000003103 0.000000000000941 -0.000000000019177 -0.000000000204999 -0.000000000000152 0.000000000000032 0.000000000011018 0.000000000007378 -0.000000000028556 0.000000000004557 -0.000000000000002 0.000000000026370 0.000000000005051 -0.000000000001515 0.000000000066579 -0.000000000055342 -0.000000000035537 0.000000000014511 1.000000000000000 0.000000000038530 0.000000000003473 0.000000000039634 0.000000000074506 0.000000000000000 -0.000000000003263 0.000000000003717 0.000000000001480 0.000000000012876 -0.000000000086025 0.000000000228453 -0.000000000083677 0.000000000188393 -0.000000000690298 0.000000000520669 -0.000000000201880 
0.269107703970312 0.234240521165422 0.235932674775085 0.238932215226761 0.377582823568712 0.327855013460940 0.327804739403501 0.193412363487542 0.223796361021547 0.199443473974409 0.356746535430005 0.349862003971873 0.294509717760687 0.139473990511902 0.128226176411961 0.116528078643744 0.026742007956857 0.208808386489151 0.025745635853951 0.294183690589853 -0.004205700893999 0.062171415174417 0.080065708408998 0.024788530643402 0.018033427988579 -0.023629886341679 0.006658124849469 0.199974032701064 -0.016513661141908 0.170187872738991 -0.022492570844203 -0.000000000015580 0.173298010293147 0.006419431141870 0.034829555517192 0.261374598924992 0.153838483512249 0.451596053407298 0.144582946373634 0.000000000038530 1.000000000000000 0.008452970296129 0.449586458043005 0.184343164122576 0.038155676942548 0.170129405892633 0.036237203172664 -0.008397249911088 0.464797027203830 0.486919839828063 0.451978760690324 0.472186074438962 0.474160332840734 0.448711411598080 0.404585624658036 0.259052901866518 
0.096433273309601 0.267558965097186 0.030993991628393 0.071802938668679 0.045454547579218 0.306133514230219 0.022089260466167 0.011687169699325 0.013301568649709 0.068723806859014 0.009230889935994 0.365894030202615 0.528266379253179 0.137309530499054 0.350867990794967 0.014824170388913 0.013266499387308 0.031179069918114 0.576456036962391 -0.009134500099413 -0.020291825016984 -0.018862692088873 0.000793762945257 0.008595592664469 0.029856280127538 0.012061237701150 0.009917388258261 -0.000419794313626 -0.021147638805503 0.006282137558377 0.008238356906698 -0.000000000021434 -0.004323677312862 0.015799362906394 0.427859174169868 -0.012915259673170 0.023623125684273 0.022037194003043 0.008445782382564 0.000000000003473 0.008452970296129 1.000000000000000 0.074829854611331 0.009489531314794 0.010590439651699 -0.003854674020621 -0.005802578535219 0.003591166998235 0.040609116583683 0.158330564378122 0.133133099016240 0.115727879629254 0.112590244117655 0.085168088598320 0.059019869994884 0.034105442335269 
0.216502238415105 0.178900592974192 0.314665875471342 0.219532234402990 0.273941922235722 0.243959680667854 0.273565577792495 0.210181148145523 0.159513816939259 0.086164120718129 0.115099388524192 0.184560764066507 0.245926239879877 0.042025865999587 0.078205290733676 0.103720711398455 0.034590957821146 0.271201903356724 0.011752564089972 0.129452589862115 0.006929566570078 0.079374106941970 -0.011397858474163 0.035102693433615 0.269382370472093 -0.015608197766630 -0.011893667825831 0.012962214324607 -0.005131324828015 0.079663790500663 -0.009411466062449 -0.000000000188103 0.101196197523343 0.057242875106575 0.067880418668695 0.059854560564891 0.091612814188927 0.248950336862090 0.230304435619344 0.000000000039634 0.449586458043005 0.074829854611331 1.000000000000000 0.082136182032365 0.020155903577665 0.057678912682213 0.045112245916192 -0.009300123420860 0.366875044705475 0.387371975305961 0.345678394845558 0.372412001456216 0.388275917643666 0.389511834237613 0.390620367235175 0.362859049960355 
0.134303320354825 0.178761717440375 0.183756477496749 0.240820872873126 0.311917078602534 0.217827527497085 0.385940961587441 0.188776540874400 0.209578531478047 0.219283497085674 0.122937983103934 0.229855387236217 0.133555369757559 0.048774448763140 0.111262926251733 0.126605230682831 0.004625821593316 -0.004344938753044 0.030518974398781 0.286996603408962 -0.018731045761634 0.041956176889555 0.044255751303317 0.435116040132033 -0.001542088417652 0.026968769303735 0.055385615008835 0.013741159398589 -0.013589270029398 0.127392384466794 -0.006683101255592 -0.000000000252141 0.235114554937891 -0.019700425091249 0.020003674716652 0.115358971062677 0.129356081444930 0.376444886051258 0.100872151228116 0.000000000074506 0.184343164122576 0.009489531314794 0.082136182032365 1.000000000000000 -0.026391672407936 0.094201377671376 0.007588939085129 0.246175336214183 0.404500008907208 0.406141413062896 0.349892225029397 0.437983960209092 0.387711373518094 0.416640191316171 0.401541512001749 0.394853915281571 
0.025588678646524 0.006852231204425 0.026530885131031 -0.014009743322705 0.040912561463831 0.030535461323898 0.015946639041749 0.020702494627206 -0.014790665573040 -0.010073380028214 0.005519484610710 0.015466781964471 0.030988417391718 0.026974719446246 0.016663483813144 0.036679766878982 0.004115512942522 0.010929311284179 -0.003196772018051 -0.006650927888012 -0.003737558928103 0.001833492514403 0.023449608499880 0.003432521131066 0.019658911561477 0.031819191059510 -0.017237742340588 0.019668859465960 0.002678954796744 0.030024824698979 -0.000343571935036 -0.000000000000054 -0.009860362749992 -0.007227510487796 0.018487324690143 0.032130510584284 0.001211888239377 0.005363931959756 0.024954841773339 0.000000000000000 0.038155676942548 0.010590439651699 0.020155903577665 -0.026391672407936 1.000000000000000 0.000427039366796 0.000010738779568 0.020894462831669 0.021291721023017 0.030153267230059 0.032847579524721 0.019750446538618 0.027955526811077 0.030613281705953 0.026012168259131 0.014049777595636 
0.147358103065581 0.173748911839847 0.211127618515994 0.189879799004018 0.327145268075014 0.264866243230100 0.329752131489111 0.150114427707416 0.085599112689483 0.080567095365221 0.165414051061274 0.131989971695516 0.092282254097915 0.122538786045940 0.090669084531674 0.127192104773745 -0.010108352111747 -0.011237859480221 0.004985318364127 0.291927307752045 0.031188557556908 0.045186831307008 0.025395950512162 0.020558937017132 -0.001960541078364 0.012059892539076 0.017147810284028 0.010739181677822 -0.030910950544843 0.261065754830739 0.002922790043007 -0.000000000270193 0.058439163556783 0.084790610741626 0.056274787664676 -0.008658520610100 0.116264336004063 0.011727921782855 0.136196905640153 -0.000000000003263 0.170129405892633 -0.003854674020621 0.057678912682213 0.094201377671376 0.000427039366796 1.000000000000000 0.092480436515119 0.028241143163865 0.297325089037707 0.328761613298666 0.313326551418640 0.366078261658601 0.358922895184688 0.383281925289497 0.364675691220050 0.364975462137393 
0.062730173958825 0.049130284029948 0.078981531669436 0.091635156052236 0.086245892423664 0.096387666397242 0.090764884552502 0.064551827394559 0.014108142151936 0.027349780246912 0.026030554775078 0.066107095094618 0.034977583297804 0.004045052742033 0.029621838870302 0.028977446928809 0.008827996312496 -0.000615233054860 -0.015047629241604 -0.003843097552181 -0.001180921658879 -0.005164540920531 0.010416653421696 -0.019438120637691 0.279037175309861 -0.013575499471888 0.008437747224968 -0.001765359680094 -0.003101760356665 0.011232037606194 0.012610238380465 -0.000000000013565 -0.006452798120500 0.005648271451335 -0.008252049124217 -0.016188222419524 0.077035930813188 0.000935777170163 0.096809406636456 0.000000000003717 0.036237203172664 -0.005802578535219 0.045112245916192 0.007588939085129 0.000010738779568 0.092480436515119 1.000000000000000 0.006927596331786 0.110209739563648 0.112656832455042 0.114213602834575 0.108746804546797 0.110837461132868 0.110884546257892 0.101034923958726 0.065437050440967 
0.018245136330161 0.004853275076094 0.031825623477949 0.028234289558707 0.000142174399537 0.024515100856958 0.046298151137044 0.020410908970603 -0.018205139929387 -0.035001941780249 -0.041323807146908 0.008289387539381 -0.002958408206440 0.016939115674249 0.031294668260182 0.035120515276853 0.018465180328925 -0.000988827548078 0.021916115404818 0.196296291053530 -0.025569985320258 0.006533566315517 0.003708906727725 0.609952510561372 0.009034762705406 0.011368868144072 0.001888492542591 -0.000998155505912 -0.005885304008570 -0.001731547078415 0.037071143061496 -0.000000000006524 0.000357741392231 0.058794945089463 0.050933595468341 -0.020728954422557 0.023733253805035 -0.011842592096324 0.006203001362224 0.000000000001480 -0.008397249911088 0.003591166998235 -0.009300123420860 0.246175336214183 0.020894462831669 0.028241143163865 0.006927596331786 1.000000000000000 0.059242043637599 0.063128594847846 0.091593783802603 0.068555647208466 0.079977752443179 0.113292641061418 0.148671009669793 0.368541985147175 
0.476469221212736 0.467783788304967 0.712275281030338 0.591955739663153 0.767949283153962 0.683257960333400 0.708430765674453 0.390383858428361 0.405364843468331 0.456120613049668 0.433908609717599 0.592188287984658 0.453393468202403 0.233139423858428 0.479983575954791 0.330001788327384 0.246967904523258 0.161905545591967 0.047443940817599 0.400642982677818 0.014581562074181 0.186618557734377 0.099330177972182 0.095503727918013 0.196717912573656 -0.004606979150987 0.097430769431865 0.287186769620101 0.191931768040050 0.408707917216239 0.027417540937217 -0.000000000915924 0.346105908398721 0.074974443425466 0.193821110768729 0.442762631761366 0.385605865179800 0.412190219422589 0.364331152460223 0.000000000012876 0.464797027203830 0.040609116583683 0.366875044705475 0.404500008907209 0.021291721023017 0.297325089037707 0.110209739563648 0.059242043637599 1.000000000000000 0.893166815809129 0.874820372387903 0.917117415889634 0.914676869460743 0.898241728548683 0.852509223058020 0.626514745243638 
0.578056516993612 0.575622094768461 0.588773855024335 0.617367391803636 0.790046308241402 0.717182461642367 0.712909952189358 0.400948492892541 0.471753464162105 0.415650790877548 0.462412979731458 0.705717536179092 0.536259152512490 0.307509618204541 0.365254467428003 0.267334175628793 0.117089289904679 0.202591792041272 0.178767908122793 0.396663793489884 0.121670679265768 0.127098682011892 0.098199585586960 0.124445018917455 0.144485343929711 0.003215402167393 0.080283359756440 0.225836122252122 0.205325752505391 0.418586705624467 0.020221848061784 0.000000002497648 0.315776768834881 0.221802739369528 0.196194934356763 0.455317036824306 0.429979345606216 0.419178890435210 0.339665474332723 -0.000000000086025 0.486919839828062 0.158330564378122 0.387371975305961 0.406141413062896 0.030153267230059 0.328761613298666 0.112656832455042 0.063128594847846 0.893166815809129 1.000000000000000 0.921804799189395 0.938735433110194 0.929948212427096 0.924662030272976 0.891152612253009 0.666268033284314 
0.451187168218660 0.504665143517069 0.535122206536752 0.617789153889004 0.746811902137856 0.737264600346831 0.651334229663107 0.478737328109737 0.391310712555823 0.458929517974752 0.405600351314553 0.640631795588424 0.480434681237976 0.228374472008669 0.434834271279366 0.241013865690871 0.065146111327944 0.155767105827864 0.151114799581214 0.412054248339502 0.051595062217601 0.083026394298693 0.121390636497949 0.116988542068215 0.158986321141759 0.001516583045309 0.116446393903776 0.221894842529243 0.267908290939210 0.430784327362231 0.017341470139300 -0.000000003776387 0.299768778050965 0.135328165124652 0.214245894207815 0.485717973127525 0.479638688810549 0.377854106861392 0.355397249776862 0.000000000228453 0.451978760690324 0.133133099016240 0.345678394845558 0.349892225029397 0.032847579524721 0.313326551418640 0.114213602834575 0.091593783802603 0.874820372387903 0.921804799189395 1.000000000000000 0.933176663745921 0.897998955684713 0.941539073573914 0.907715413429413 0.688927048207797 
0.487350714893140 0.512454081086801 0.586288426685303 0.617507441760584 0.793330596082595 0.700978412522715 0.703348092434663 0.452112945431264 0.437199699659533 0.449148359406759 0.465660432472944 0.633967561429621 0.494290372584673 0.274838741378778 0.365922195233623 0.271972791258926 0.081214763783445 0.152630570457139 0.133037718912034 0.431957499791503 0.043176271884480 0.160476905843145 0.087359301548888 0.126310255265664 0.160273878655464 0.019586192282720 0.084389049696081 0.196870790850901 0.248640753176328 0.413268792433327 0.035360977602405 0.000000001682459 0.373579539998656 0.120089656278366 0.214849168532100 0.490211703340178 0.476782866987466 0.445049006112070 0.381833650129518 -0.000000000083677 0.472186074438962 0.115727879629254 0.372412001456216 0.437983960209092 0.019750446538618 0.366078261658601 0.108746804546797 0.068555647208466 0.917117415889634 0.938735433110194 0.933176663745922 1.000000000000000 0.945683966354470 0.957803313466845 0.926054732202574 0.721683305770637 
0.534825041629453 0.524911460549370 0.607553206856157 0.614469107154080 0.775690537281073 0.685069166086456 0.736114611181900 0.419829191121859 0.480247388023914 0.450980089144152 0.516119068943284 0.551423545394958 0.459288485979925 0.281916220476678 0.356586686965533 0.294222706646800 0.133016930373237 0.217558910452896 0.079505921107403 0.396340124947918 0.128761406993574 0.181905927921563 0.100808138165794 0.124064048231662 0.205924697262382 0.005376288441691 0.051715018320279 0.232423674912308 0.220952187905878 0.416003241028972 0.061782181881081 -0.000000004945193 0.357074519797979 0.152998572712829 0.289964064415570 0.491183583300845 0.432752698120384 0.418622686647706 0.387582443571233 0.000000000188393 0.474160332840734 0.112590244117655 0.388275917643666 0.387711373518094 0.027955526811077 0.358922895184688 0.110837461132868 0.079977752443179 0.914676869460743 0.929948212427096 0.897998955684713 0.945683966354470 1.000000000000000 0.948418050477663 0.923756966112928 0.739417203072552 
0.448364705017143 0.502340953544414 0.588028711882760 0.620609225571902 0.758525392324540 0.709106420971759 0.724053556055468 0.459989814727642 0.380927719001540 0.445630693362780 0.426295192621780 0.572198752001005 0.441504603786992 0.261403181415768 0.345772758351298 0.267552552058408 0.091055586299063 0.131549953026137 0.066095021391239 0.454622139131465 0.021769688614696 0.159835923227577 0.086268419236230 0.136490801960200 0.204406752012398 0.019196907148966 0.054231184593477 0.204439890018745 0.191017051194534 0.399775356786982 0.047484962372094 0.000000013689230 0.351167818180502 0.111611652726802 0.213445002239096 0.442627503666896 0.485337217377567 0.421196255141814 0.414425048336759 -0.000000000690298 0.448711411598080 0.085168088598320 0.389511834237613 0.416640191316171 0.030613281705953 0.383281925289497 0.110884546257892 0.113292641061418 0.898241728548683 0.924662030272976 0.941539073573914 0.957803313466845 0.948418050477664 1.000000000000000 0.966487876509732 0.789748831038665 
0.424090920067353 0.445815676948507 0.551577859663988 0.563928350298973 0.724372306254684 0.683328824502115 0.713431678789527 0.471858713086795 0.353162965748426 0.355093662193871 0.372457187988594 0.533780367273001 0.390546521194807 0.199927954135855 0.348616123196025 0.279565895903079 0.094262416989914 0.184076846572580 0.056001764014224 0.491903357433887 0.046123909423621 0.112648245303327 0.080379458821257 0.185685927875923 0.182485142241159 0.005926317303918 0.072828040672466 0.179141726404664 0.212638649575558 0.369903723272762 0.079431275181072 -0.000000010343210 0.338918460064286 0.131833981479396 0.236240823013164 0.423423303252890 0.521420442005580 0.399505693445215 0.400490254610583 0.000000000520669 0.404585624658036 0.059019869994884 0.390620367235175 0.401541512001749 0.026012168259131 0.364675691220050 0.101034923958726 0.148671009669793 0.852509223058020 0.891152612253009 0.907715413429413 0.926054732202574 0.923756966112928 0.966487876509732 1.000000000000000 0.875129745806604 
0.283790434751630 0.298916026844452 0.395717298403079 0.394879805735294 0.506411173502965 0.491623995218424 0.574773091009992 0.412661176054094 0.204377148630018 0.196782189476788 0.209257260412313 0.348882245093387 0.233555270108769 0.143807484013163 0.239831653039696 0.255387478897623 0.082631430395763 0.152974512810392 0.044372146127065 0.441508394379810 0.024712106558528 0.087891729552298 0.065671429454059 0.338497972629438 0.131661528876817 0.009184288305717 0.011802325844504 0.114185126402745 0.117344518837188 0.214529147383460 0.200654519755055 0.000000003225600 0.322177717740642 0.091802105128543 0.182283649582059 0.291870926708481 0.437134979865141 0.353472213378672 0.383639588003510 -0.000000000201880 0.259052901866518 0.034105442335269 0.362859049960355 0.394853915281570 0.014049777595636 0.364975462137393 0.065437050440967 0.368541985147175 0.626514745243638 0.666268033284313 0.688927048207797 0.721683305770637 0.739417203072552 0.789748831038665 0.875129745806604 1.000000000000000 
