0.022232929962726
0.015200134539158
-0.001782640206264
0.004953257255379
0.004490711718081
0.003811368458606
0.013103531942273
0.009745403100675
0.012254151446320
-0.007154403685323
-0.002522138929331
0.011586315365871
-0.001628638732036
-0.003919105688058
-0.000386212729801
0.002956269459028
-0.003377231140525
-0.014003404405478
0.001383474662218
0.989873627393317
-0.000160440952698
-0.002727764839213
-0.002995112395730
-0.137045168261955
-0.000590582498004
0.002553084730651
-0.002128299269470
-0.001014697081542
0.003355297874631
-0.002777999815868
-0.004406364628542
0.000654578092693
0.001794628401433
0.002499917572367
0.000936964169197
-0.011709072649290
-0.002520060485986
-0.000636604786570
0.001668381643777
0.002292881533215
0.000533859766438
-0.000238385389538
-0.000396139019668
0.016272174732905
0.001414140003806
-0.001198629017065
0.000513398536444
-0.000101960308482
-0.002320860361979
0.002370912349750
-0.019548754020440
0.000838366295568
0.008602181644779
-0.001079723157936
0.002391076428512
0.001770204382739
0.006898563861234
-0.002784869672463
-0.028102718125069
-0.001261375926892
0.000993137874301
0.001521928026140
0.136943948688746
-0.003650731390808
0.004285745734612
-0.006697718315957
0.989266252154456
-0.005683922044366
-0.012336096088203
-0.002189022757712
-0.014338594321460
0.000194338577529
0.001807194147939
-0.003225534995476
-0.000564895819107
0.001031589207895
-0.005667781501573
-0.005877111263185
-0.026679856381435
0.000737190182907
-0.000117180110389
-0.000921701114586
-0.000457127997187
0.000515451055363
-0.000071175036226
0.000401941865122
0.008960275416699
0.035383415466690
0.010699227609968
0.001616421938900
0.013500607648482
0.026950627307605
0.004852783025721
0.493274600064604
0.014554337904539
-0.002302043808257
0.039424779380214
0.032034721431708
0.063762660864754
-0.012137413779488
-0.028630686290672
-0.030198843862428
0.006693624704750
0.682115111212222
-0.004362204195176
0.005413908136074
0.006203556986828
-0.107291160772163
0.028942161622661
0.015498186339506
0.030649218367639
0.006432192987129
0.019301418999848
0.053800259175952
-0.006853233503153
-0.009663204147388
-0.004827243743254
0.003734580605117
0.003033109577599
0.361594332732923
0.353910164190417
0.081613440922729
-0.001115277599549
0.013382601222141
0.010070059040229
0.009279001514812
0.007789391950012
0.007791016247356
0.006878893282404
0.008114807727802
-0.025371711849562
0.005285758014959
0.006168341208515
0.001575332795359
-0.017667712294678
-0.004778225357023
0.832858847304028
-0.001308159211117
0.009698468296345
-0.023468267697208
-0.005811406496568
-0.017982302382890
0.016231707184093
-0.011253340155717
-0.035612206075385
-0.067693895124144
-0.356081926647451
0.022183364696857
-0.010646573335164
-0.007683631296082
-0.181864529042668
0.000182286447688
0.014654034823024
0.008251622048562
0.035313045146443
0.001625934281707
-0.005593933204595
-0.001177684785682
-0.016126516200539
0.002425201391758
0.009262685639918
-0.010325981347807
-0.301337931659450
-0.210345154075287
-0.020550976559408
-0.001620068152764
0.001778151684671
0.000467348304970
0.001977167074293
0.003135361036115
0.001008182482162
0.002159787248619
0.008043335429696
0.028195959876717
0.017306269727231
0.018274203597523
0.013714352771140
0.030861285910501
0.028427156285712
0.229027142969137
0.021322351210045
0.000723370574996
0.046904394338392
0.026826670628043
0.008078204267806
0.007639355934115
0.110927879415478
0.165599741703251
0.235361045964554
-0.115709915626607
0.019044725146741
0.000079801283245
0.016249623731338
0.890288957719299
0.015617864199464
0.010037442997100
0.031347962598748
-0.020466398268433
0.012268711623173
-0.015071958228704
0.018890941359089
0.015141992706057
0.016354023844947
0.007940591398090
0.011639875080150
0.136385561301682
0.003665751278254
0.125380192082392
0.006360432225181
0.017166254705657
0.014200942434503
0.015178132216085
0.012198648851786
0.017257095736803
0.013908719017230
0.005815565156828
0.034089422776140
0.050879546186843
0.039575255107892
0.021554552074522
0.002410177392321
0.033104295113284
-0.056945683588367
0.000854022521869
-0.007754844166493
0.029577943753133
0.012214911839459
0.008100480244398
0.014588908889592
-0.034249269014486
-0.140012191392072
0.346121539372441
-0.068553222982591
0.010256420891367
0.012645351942090
0.007609961839713
-0.178313008744144
0.020720936642941
0.018258848907067
0.045571128376505
0.008232631897254
0.009211600875867
-0.002710521298708
0.023554886558560
0.013995115289129
0.012547031340039
0.019420504779950
0.030755575780152
-0.096694332454124
0.008353454807932
0.891137789032388
-0.022525652913788
0.014013989444586
0.020561095229053
0.020364447826490
0.013130017388564
0.018602074539475
0.016715039625723
0.004907930241202
0.046079759332635
0.052883916507640
0.041961852484843
0.032504657254013
0.127161011426201
0.069580269689244
0.002193822541571
0.024774369471124
0.026010690644042
0.021252695154016
-0.047800283694495
0.088840101248098
0.086910394107591
0.168193838743134
0.725175975602504
-0.211389710879454
-0.310723556283541
0.019349431709012
-0.004469001444643
0.032434458723451
-0.232136841517931
0.056753290674020
0.029288654899952
0.137145815727494
0.033183210851635
0.025213628595886
-0.071559859010660
0.022922351820984
0.070262872887464
0.015835616709610
0.027908342954207
0.031989363621858
0.297822906257861
0.228009538222997
0.132977897373963
0.006866214491291
0.028865618333198
0.035951252482930
0.029648667093662
0.032329925313272
0.031361571051471
0.018008784692549
0.004089779393588
0.010042867480797
0.062467504006458
0.099417364231490
0.061708527717179
0.043668038584333
0.060283503552319
-0.047108759940775
0.059421328043884
0.074909669537180
0.009914548020462
0.120155439576862
0.012818170434500
0.272686463990965
0.468065622030097
0.199941602330142
-0.125490076038203
0.413040504381493
0.052949832856202
0.005727247899901
0.028442893983288
0.023047935175102
0.021316463519996
0.005509493989099
0.011297619191158
0.273683722808195
0.042672914609564
0.177074518009895
0.024340892118289
0.066791620410285
0.033096230954359
0.030008889194975
0.035352771103951
-0.307234101359367
-0.429585149185623
0.069920756544893
0.059243897437084
0.070750336329792
0.062193100302546
0.061832296631706
0.062072796210349
0.055083125640628
0.053347914841549
0.003850006254164
-0.003516034340624
-0.034659453153360
-0.071654823670502
-0.034444342450805
0.039047522227458
0.057061762559191
0.005023306378222
-0.009167501600589
-0.041724043274533
-0.024600881833368
0.000848804690786
-0.048742887516457
-0.363484214146452
-0.473777288984316
0.569931512933751
0.229206418704809
0.272250266876855
-0.076186268546529
0.003436436307596
-0.031003052914316
-0.016485875313108
-0.044415201726143
0.012638622252855
-0.082195313145681
-0.102242912976809
-0.017696805337615
0.016168470099923
-0.055370372148967
-0.039008007365214
-0.031802484859446
-0.032695985142433
-0.041956952284928
-0.264894536551069
-0.247992817058296
0.000580477272560
-0.003460492200963
-0.038873913695981
-0.041155574671674
-0.032206041507343
-0.036774375344964
-0.032963152399618
-0.032128686557354
0.003687148192225
0.093733784369737
0.035662700557171
0.078128915116585
0.083958803839114
0.129413624189817
0.173293083000817
-0.016036740118403
0.108803673551531
0.069486079344590
0.042177346685034
0.059677846916852
0.131929298028455
0.132808289061776
-0.073270170340633
-0.021900181091125
0.683122127684921
-0.078117413796259
0.050966999083239
-0.009438732801665
-0.003008256124718
-0.165277687565861
0.150268869448228
-0.003344963173920
0.260270605244407
0.280945876503255
0.090237492605804
0.015343564416284
0.047011323040672
0.049261712709641
0.087729013778253
0.040075208018124
0.045153911449025
-0.004624981268493
0.078222329212711
-0.369434591472206
0.022090164762952
0.079659111092855
0.070162684400408
0.065032782977469
0.068663304954638
0.061187696823620
0.058296286019161
0.003187475259183
0.039535031651189
0.055678228152488
-0.004276415519129
0.046256403300447
0.037950939365758
-0.036679740179397
-0.036972003889883
0.029754539442343
0.019956373806347
0.026801253765989
0.005760415618805
0.036184821026411
-0.295550954228637
-0.388402471616137
-0.111615573114302
-0.378525846117082
-0.032031081150867
0.086029752933202
-0.000911830405443
-0.000819178454176
0.144950410086793
0.133496662416733
0.009988386775793
0.260585971738836
0.655947742721438
0.062929903764467
0.039901596137237
0.038528696530025
0.107245572282163
0.003151523031006
0.032191261751057
0.040212424674079
0.030290515893119
-0.021273269876977
0.108404273530471
0.032373988676838
0.044248541390160
0.048345586293964
0.037358275814065
0.032174638965386
0.043636731847892
0.046913714312832
0.002869764271771
-0.108597370689874
-0.114296955102241
-0.089916235330712
-0.116024407173675
-0.194250756509132
-0.077132018323178
0.024995476658195
-0.224635268867357
-0.114045068401793
-0.053596366260571
-0.079589146097892
-0.245809595402495
-0.055567828476056
0.242489845754264
0.101491640314983
0.231616302168077
-0.020885240697902
-0.034918935738820
0.004330689688994
-0.032505942196924
-0.066055345491544
-0.114578185716501
0.008723036872849
-0.291201815149580
0.591057560221818
-0.094384095365655
-0.208405481633584
-0.052603586269882
-0.205367206350498
-0.064836445625277
-0.110249304141058
-0.107833385406151
0.138480429766278
0.036521566088633
-0.003358931386495
-0.042507326622112
-0.096852352218844
-0.087594219850895
-0.091749367596672
-0.095632318632701
-0.094444233829042
-0.069097328109425
0.002519194845635
-0.014902051832697
-0.008200754583690
-0.012992895475131
-0.007004631163989
-0.138551556883708
-0.033469512164555
-0.000982106722929
-0.190918778617154
-0.013821257838366
-0.033847818009522
0.037119500668303
-0.360343729877915
0.212731906759647
-0.045512400959701
0.012849336017611
-0.025149870966924
0.094297305376020
-0.166186421361072
0.004294055562010
0.015715583501503
0.009391150850967
0.250680757578718
-0.002744248806046
0.608022850578672
-0.115609333747692
0.053757634381542
-0.306763065526906
-0.162928401445579
-0.173869175208328
-0.223936227241596
0.010484279470967
0.089758303086754
0.062703876697482
-0.187813519923081
0.003750204048622
-0.133689551754834
-0.014539012591419
-0.027379924288893
-0.033530678093200
-0.028342750546397
-0.040501973627587
-0.074596484388775
0.002259789083533
-0.007754762945936
-0.027058427432930
-0.054796990063517
-0.060127635570425
0.147264038367791
0.015935146961819
-0.018840630730928
0.271765077886835
-0.042519603234693
-0.009592229963647
0.015638750232213
0.508838385688565
0.366620394739979
-0.180287976350578
0.010819651906467
-0.097823465050666
0.019154937843208
-0.213066528197666
-0.003045790716444
0.050601382518515
0.083020482948582
0.025219661058261
-0.004095879574410
-0.122551201088458
0.139319394491735
-0.011445018426610
-0.212692363674638
-0.162331479585925
-0.435104029665155
-0.207580165110685
0.002506446004635
0.029571443660935
-0.167573205500273
0.090843288959887
0.048644683239296
-0.058561776354793
-0.043538091580195
-0.063864638101396
-0.058181409681950
-0.057223296508992
-0.065123265679081
-0.066766990538191
0.002174173565883
0.049570137052075
0.018098163739794
-0.063713157660422
-0.033066735016199
-0.058258837772583
0.001083641923270
-0.009446465209786
-0.177088661215615
-0.115358667307499
0.043248697705174
0.026974337723601
-0.355858502736987
0.480492176221170
-0.334269235736484
0.090535943643732
-0.044610909098270
-0.068330506660010
0.017800441873586
0.002914798862397
0.090372779068979
0.043269749507111
0.043773557794146
0.009368384802443
-0.119621797502028
0.050436486667445
0.023484494575818
0.532691691160287
0.074949546677664
-0.246966178855326
0.150993659311276
-0.028662327074126
0.061225261679663
-0.038794304732565
0.171930480271102
0.013196762146171
0.126245893545426
0.027506637566910
0.019438820829427
0.020095050005925
0.016244469071984
0.014564997424095
0.022530838670829
0.002099516017910
0.025357865630851
0.027945063796812
-0.055640404200895
0.002815618699597
-0.003727988576108
0.035539561983520
0.023862444907692
-0.051891796465250
0.194964985266903
-0.004851813554881
-0.004465832167639
-0.118941880119135
0.403566545748523
-0.308015957933506
0.009709698411056
0.000001989651768
0.055821202938305
0.112272431768804
0.000242435729384
0.199416993797933
0.018166634975045
-0.191717694804210
-0.013796494607520
-0.268805957177783
0.052627041626855
-0.063893733479490
-0.398416587820824
0.042345369262267
0.544690163468931
-0.134093191824999
0.046768602665047
0.141683072303848
0.056897360344226
-0.071012614984565
-0.001115646240525
-0.035188276233619
0.008817774448960
0.022868538260804
0.003954033364207
0.023331630316372
0.023665940788672
0.018029046470106
0.001876133811845
-0.121570501959370
-0.132399992660671
-0.165203699106959
-0.147692732991814
-0.051280936231341
-0.195348331014738
0.002917896217692
0.174472152769247
-0.092548240256039
-0.025434096220798
-0.034030354682247
0.015378342300444
0.091409916323864
0.073990690158473
0.047558388992171
0.072378394731218
-0.031875002287041
-0.207553521164122
0.006384327428380
-0.135539565469752
0.021766539233748
0.106647530511695
0.007130978247121
0.142093071086255
0.066987530000387
-0.055993193783745
0.369802274371464
-0.170333043836401
0.514901922251436
-0.358570136624039
-0.030864815590622
-0.124295336660227
-0.167953332602093
0.217306789869002
0.004120498651673
-0.060527698022958
-0.096467475902316
-0.099489394548792
-0.098100779083165
-0.113566572575150
-0.091034951919341
-0.090561447036764
