0.000522043700985 0.000452919316658 0.000389077112060 0.000357732202499 0.000504780691978 0.000432721170848 0.000367670353195 0.000318323448509 0.000293045755895 0.000316010316335 0.000335619351189 0.000501210444124 0.000405217108933 0.000408217989307 0.000419792489809 0.000412966287181 0.000307261387011 0.000249326152387 0.000444450320309 0.000353245159343 0.000301737417243 0.000251591386604 0.000273664513444 0.000312550844687 0.000255193262754 0.000420400670292 0.000340738835915 0.000334306152255 0.000299397994611 0.000319821347888 0.000220647909021 0.000147927877918 0.000364177500186 0.000321814856577 0.000226052986866 0.000145053802089 0.000179701366142 0.000220359545270 0.000147588750846 0.000365673015985 0.000217971686143 0.000197682735691 
0.000452919316658 0.000444641228105 0.000354799935996 0.000292269085696 0.000446869582068 0.000385873522438 0.000337170000956 0.000290875550544 0.000306396470886 0.000292976634073 0.000332509215177 0.000452823125618 0.000378769986344 0.000369664611107 0.000346508835515 0.000345795440734 0.000260324558741 0.000201934683569 0.000370259370255 0.000306304481959 0.000255397981608 0.000222340058551 0.000221311582643 0.000257493264952 0.000203372282934 0.000348190509147 0.000271572037939 0.000257366775804 0.000237334805444 0.000241002242955 0.000169344009147 0.000118684604825 0.000291001097713 0.000245860959102 0.000173193058158 0.000101415203688 0.000141105444848 0.000175508473236 0.000112802866023 0.000288032858621 0.000173085924181 0.000162592167225 
0.000389077112060 0.000354799935996 0.000314785981858 0.000264505024920 0.000379699498739 0.000308288458351 0.000292891389686 0.000246626166424 0.000257834969920 0.000255104516999 0.000292992023836 0.000365738568512 0.000320313343474 0.000320720623951 0.000312553285514 0.000297704013172 0.000225726518411 0.000183985515810 0.000314634789653 0.000257220979767 0.000223047823433 0.000207219003949 0.000184615414213 0.000230416279884 0.000179115734762 0.000288126746567 0.000241111553807 0.000234786842019 0.000235389013501 0.000234169300972 0.000160908271723 0.000124052624140 0.000283182121895 0.000247786919834 0.000165251394125 0.000100629773530 0.000116781661888 0.000162522065388 0.000095401423952 0.000286994920107 0.000162506663409 0.000153626224616 
0.000357732202499 0.000292269085696 0.000264505024920 0.000263241238586 0.000332242534633 0.000283082961546 0.000244223725203 0.000219228877165 0.000194530631809 0.000201046640314 0.000234006536281 0.000335012281913 0.000279737827845 0.000287945607648 0.000318154873064 0.000299487523159 0.000229656618777 0.000197180424626 0.000327541387656 0.000261128061107 0.000224709458156 0.000198489762300 0.000198862543383 0.000234023838609 0.000187537566636 0.000306182158431 0.000254241047204 0.000252007726800 0.000243816623903 0.000248655506154 0.000175299045283 0.000128513918473 0.000292456914970 0.000259238585920 0.000179559581789 0.000115789918560 0.000136349698343 0.000174391678457 0.000113658807407 0.000295142970433 0.000174165128667 0.000161722279562 
0.000504780691978 0.000446869582068 0.000379699498739 0.000332242534633 0.000531447666171 0.000432096354894 0.000361492752325 0.000267696475231 0.000293858314466 0.000331528680165 0.000310615764086 0.000516062682985 0.000389828552729 0.000393300608567 0.000361161322251 0.000386908768713 0.000280240377920 0.000191936757377 0.000395478535542 0.000307046045405 0.000277593533839 0.000212198362063 0.000274633589436 0.000292251257236 0.000254426626615 0.000369969286976 0.000308451047002 0.000298644945399 0.000224037958829 0.000260052338175 0.000174060661381 0.000097711745975 0.000277194100117 0.000251537309116 0.000180687090235 0.000124904762498 0.000138545410098 0.000176043661092 0.000111859233041 0.000272529820285 0.000160512734618 0.000135416128055 
0.000432721170848 0.000385873522438 0.000308288458351 0.000283082961546 0.000432096354894 0.000430843534459 0.000299380282007 0.000255144765587 0.000200906092632 0.000226688961052 0.000231204730434 0.000468503455387 0.000302458436092 0.000290641254658 0.000295931491957 0.000307456420437 0.000237754660398 0.000177728466197 0.000334405291099 0.000212249429382 0.000223468831961 0.000153009383615 0.000263956899396 0.000255180986470 0.000235845201484 0.000300051230995 0.000281006336056 0.000285573648649 0.000216311524803 0.000236041669920 0.000163601799259 0.000088734193509 0.000253670886671 0.000252858577937 0.000173252022991 0.000137869223110 0.000110627023095 0.000157782069263 0.000092371530187 0.000247854387827 0.000136212545420 0.000106850871619 
0.000367670353195 0.000337170000956 0.000292891389686 0.000244223725203 0.000361492752325 0.000299380282007 0.000276054130387 0.000233289140401 0.000234279824843 0.000241600460296 0.000264531295900 0.000348610680824 0.000296709265267 0.000294409213698 0.000287681678765 0.000279839248582 0.000208495394196 0.000168921757306 0.000294655275943 0.000240181361744 0.000206026418616 0.000184230891915 0.000176524297853 0.000212293314690 0.000169482168235 0.000275121011326 0.000226597815546 0.000221067305563 0.000211303789253 0.000217190494819 0.000149379828960 0.000108999800345 0.000255919706095 0.000224238765257 0.000152989092527 0.000095141098598 0.000113866586823 0.000149980994781 0.000093068282343 0.000258340174891 0.000149450747127 0.000138724849702 
0.000318323448509 0.000290875550544 0.000246626166424 0.000219228877165 0.000267696475231 0.000255144765587 0.000233289140401 0.000269726553560 0.000185177098224 0.000189513038635 0.000222306145814 0.000263867071766 0.000252698670318 0.000239320959947 0.000295930404726 0.000240877515715 0.000186853139519 0.000199166490324 0.000304965158775 0.000261609132379 0.000182796271423 0.000162124962006 0.000123273947080 0.000179564014833 0.000114696359111 0.000301915521281 0.000205592765541 0.000208047975168 0.000233386473079 0.000237960107214 0.000170542041593 0.000124265756954 0.000288980046047 0.000227143395871 0.000169680981055 0.000083489690683 0.000162343942921 0.000174469272312 0.000135480768611 0.000289678799033 0.000187815733940 0.000185193847512 
0.000293045755895 0.000306396470886 0.000257834969920 0.000194530631809 0.000293858314466 0.000200906092632 0.000234279824843 0.000185177098224 0.000281653357666 0.000223774330978 0.000293501777471 0.000279841299418 0.000295574207602 0.000297586989375 0.000245484012874 0.000237768149109 0.000181517497734 0.000133857241581 0.000242507895436 0.000239734900931 0.000184238449780 0.000200100979565 0.000115442025225 0.000170229587898 0.000112430298570 0.000222903162211 0.000160127904531 0.000135748626012 0.000163960050207 0.000141761668891 0.000100795604854 0.000097470107078 0.000204019957177 0.000153676274866 0.000101189192690 0.000037443391948 0.000082463179789 0.000113473165135 0.000061534914485 0.000205146566557 0.000119575153850 0.000127830855931 
0.000316010316335 0.000292976634073 0.000255104516999 0.000201046640314 0.000331528680165 0.000226688961052 0.000241600460296 0.000189513038635 0.000223774330978 0.000263758137818 0.000223113107167 0.000278052385064 0.000262684448486 0.000268650304617 0.000249954672570 0.000246535865761 0.000175451500227 0.000127725698468 0.000273953881730 0.000246972608975 0.000182898767569 0.000140672367276 0.000118056014915 0.000179530306662 0.000114284145621 0.000262867034271 0.000168650269598 0.000158919183983 0.000131449013226 0.000168313522380 0.000106702214130 0.000058837192717 0.000176045380605 0.000124354450343 0.000106958813284 0.000042275112363 0.000119513276535 0.000120720380108 0.000098855015165 0.000172975190979 0.000123242661635 0.000120102742514 
0.000335619351189 0.000332509215177 0.000292992023836 0.000234006536281 0.000310615764086 0.000231204730434 0.000264531295900 0.000222306145814 0.000293501777471 0.000223113107167 0.000339609249079 0.000309093020455 0.000325662049536 0.000331773854141 0.000297908174548 0.000278696644648 0.000216407056892 0.000180252450063 0.000275569110103 0.000256016829852 0.000215523228881 0.000253209409432 0.000148257594929 0.000205676112007 0.000150236885010 0.000247084824726 0.000212603251856 0.000190381106232 0.000243950188122 0.000203561748717 0.000142373875108 0.000150789498083 0.000285656336375 0.000250025319853 0.000145201260487 0.000080110157433 0.000091995533475 0.000142454278863 0.000070552674797 0.000303236910564 0.000160595121859 0.000165356097599 
0.000501210444124 0.000452823125618 0.000365738568512 0.000335012281913 0.000516062682985 0.000468503455387 0.000348610680824 0.000263867071766 0.000279841299418 0.000278052385064 0.000309093020455 0.000557142822619 0.000385357144836 0.000384018435465 0.000351666467965 0.000383970238822 0.000291462037861 0.000198020456228 0.000387874228962 0.000272339611367 0.000279105419773 0.000219654639484 0.000314446138181 0.000303968141591 0.000284166030856 0.000347857767364 0.000327433506885 0.000316669446495 0.000242684600815 0.000253462875337 0.000175853369124 0.000108218714457 0.000285131351973 0.000283490974340 0.000186515014006 0.000147982223146 0.000113824738261 0.000171302590674 0.000090637495654 0.000281788071030 0.000149774432509 0.000120658200739 
0.000405217108933 0.000378769986344 0.000320313343474 0.000279737827845 0.000389828552729 0.000302458436092 0.000296709265267 0.000252698670318 0.000295574207602 0.000262684448486 0.000325662049536 0.000385357144836 0.000363026335732 0.000365740833024 0.000344101791648 0.000339637562254 0.000249485615796 0.000200938072935 0.000348349061500 0.000320761137603 0.000248577810975 0.000246393721422 0.000194982667870 0.000236448073873 0.000184370956368 0.000338956234396 0.000255276625984 0.000234567004704 0.000243268294669 0.000233066637352 0.000169132731492 0.000136286655842 0.000301904725544 0.000244457779310 0.000169642152599 0.000090043615038 0.000141052057492 0.000175813556981 0.000109538062966 0.000300682972060 0.000179488103387 0.000175953738662 
0.000408217989307 0.000369664611107 0.000320720623951 0.000287945607648 0.000393300608567 0.000290641254658 0.000294409213698 0.000239320959947 0.000297586989375 0.000268650304617 0.000331773854141 0.000384018435465 0.000365740833024 0.000380153570386 0.000357012695332 0.000354187101299 0.000262002396018 0.000205269102734 0.000361508299205 0.000328075189865 0.000263081510190 0.000260134155963 0.000201318291188 0.000252649190083 0.000192808322748 0.000342930067681 0.000265518872711 0.000242170327781 0.000248716506809 0.000242777746645 0.000168490653504 0.000140001736918 0.000303799029919 0.000255585765027 0.000170542859586 0.000094097902126 0.000140576036964 0.000172813277337 0.000110803139477 0.000312288990320 0.000184060157282 0.000180350133611 
0.000419792489809 0.000346508835515 0.000312553285514 0.000318154873064 0.000361161322251 0.000295931491957 0.000287681678765 0.000295930404726 0.000245484012874 0.000249954672570 0.000297908174548 0.000351666467965 0.000344101791648 0.000357012695332 0.001723849422951 0.001645667986259 0.001576182817231 0.001555584206843 0.001710904357728 0.001653455902865 0.001560702727099 0.001519751871800 0.001459396186109 0.001506876077028 0.001495966494646 0.001711747846250 0.001584645668456 0.001583999249507 0.001615802072113 0.001611433509674 0.001504798209533 0.001448499008042 0.001654140800370 0.001550062060942 0.001498747442881 0.001425401216797 0.001487378332301 0.001517419379544 0.001460259090746 0.001636014090039 0.001547347709199 0.001546648883521 
0.000412966287181 0.000345795440734 0.000297704013172 0.000299487523159 0.000386908768713 0.000307456420437 0.000279839248582 0.000240877515715 0.000237768149109 0.000246535865761 0.000278696644648 0.000383970238822 0.000339637562254 0.000354187101299 0.001645667986259 0.001628837724709 0.001536681745924 0.001485168965040 0.001640467635796 0.001594262739813 0.001524188387040 0.001487146555603 0.001471981042627 0.001477834468077 0.001494491931881 0.001650060675382 0.001554297599203 0.001542951795206 0.001534652480164 0.001536259470227 0.001451148285401 0.001396562949989 0.001569741910922 0.001495971744821 0.001446358060624 0.001397278786369 0.001426374205586 0.001457822157697 0.001399068997381 0.001551435330639 0.001470070991375 0.001460574466406 
0.000307261387011 0.000260324558741 0.000225726518411 0.000229656618777 0.000280240377920 0.000237754660398 0.000208495394196 0.000186853139519 0.000181517497734 0.000175451500227 0.000216407056892 0.000291462037861 0.000249485615796 0.000262002396018 0.001576182817231 0.001536681745924 0.001495822920506 0.001453300689289 0.001569686184387 0.001507517594693 0.001478527280961 0.001438562327145 0.001427681094180 0.001442897110959 0.001457480206780 0.001555754197355 0.001495701675186 0.001493982336419 0.001501120045028 0.001488614635815 0.001417456924419 0.001378819198567 0.001512199470023 0.001450301553432 0.001415518911694 0.001386460700212 0.001386930450166 0.001429316343332 0.001374962012904 0.001490613176344 0.001437554562623 0.001435235845397 
0.000249326152387 0.000201934683569 0.000183985515810 0.000197180424626 0.000191936757377 0.000177728466197 0.000168921757306 0.000199166490324 0.000133857241581 0.000127725698468 0.000180252450063 0.000198020456228 0.000200938072935 0.000205269102734 0.001555584206843 0.001485168965040 0.001453300689289 0.001458495379235 0.001534353815140 0.001494521299570 0.001437430575115 0.001417751640172 0.001370177956879 0.001394442097086 0.001404019721734 0.001538985240559 0.001463002019132 0.001468273704927 0.001510838779421 0.001493580511488 0.001423908182203 0.001392174213724 0.001529071024960 0.001455592782595 0.001418313778430 0.001375136435562 0.001403148008371 0.001430576879892 0.001387751341632 0.001513666752726 0.001453870239691 0.001455565696553 
0.000444450320309 0.000370259370255 0.000314634789653 0.000327541387656 0.000395478535542 0.000334405291099 0.000294655275943 0.000304965158775 0.000242507895436 0.000273953881730 0.000275569110103 0.000387874228962 0.000348349061500 0.000361508299205 0.001710904357728 0.001640467635796 0.001569686184387 0.001534353815140 0.001738062220818 0.001656293705289 0.001557478586604 0.001475738070912 0.001457722518561 0.001522875995145 0.001472029409839 0.001727032225521 0.001570126817476 0.001569923057003 0.001563302266208 0.001588907170811 0.001480702872117 0.001397511472737 0.001610956098203 0.001506102571252 0.001477437833367 0.001389046633877 0.001490955917740 0.001501752504515 0.001461807461848 0.001590035520210 0.001520659802867 0.001517903463085 
0.000353245159343 0.000306304481959 0.000257220979767 0.000261128061107 0.000307046045405 0.000212249429382 0.000240181361744 0.000261609132379 0.000239734900931 0.000246972608975 0.000256016829852 0.000272339611367 0.000320761137603 0.000328075189865 0.001653455902865 0.001594262739813 0.001507517594693 0.001494521299570 0.001656293705289 0.001669264761487 0.001503705604205 0.001467852910072 0.001376396782782 0.001426085268771 0.001401745810329 0.001699770484086 0.001496699038020 0.001481350174495 0.001507229924866 0.001521869371799 0.001447780775062 0.001386743830171 0.001563341815112 0.001422081624055 0.001432862678386 0.001336266136844 0.001491261523388 0.001473821848821 0.001451718974469 0.001532332000673 0.001501782181165 0.001511299542805 
0.000301737417243 0.000255397981608 0.000223047823433 0.000224709458156 0.000277593533839 0.000223468831961 0.000206026418616 0.000182796271423 0.000184238449780 0.000182898767569 0.000215523228881 0.000279105419773 0.000248577810975 0.000263081510190 0.001560702727099 0.001524188387040 0.001478527280961 0.001437430575115 0.001557478586604 0.001503705604205 0.001465822495672 0.001428286472150 0.001407835671018 0.001432548496799 0.001433483868077 0.001545126901660 0.001476992555468 0.001472903438509 0.001478455068815 0.001473126328474 0.001401642489244 0.001364065882533 0.001494584462387 0.001433927823748 0.001399783884879 0.001364429693061 0.001380378077995 0.001412870636764 0.001366581382410 0.001478753366686 0.001424863176405 0.001423098222766 
0.000251591386604 0.000222340058551 0.000207219003949 0.000198489762300 0.000212198362063 0.000153009383615 0.000184230891915 0.000162124962006 0.000200100979565 0.000140672367276 0.000253209409432 0.000219654639484 0.000246393721422 0.000260134155963 0.001519751871800 0.001487146555603 0.001438562327145 0.001417751640172 0.001475738070912 0.001467852910072 0.001428286472150 0.001463058033920 0.001368006616387 0.001384390326013 0.001399574755452 0.001474730590112 0.001441925011809 0.001427398891804 0.001489299909526 0.001440972237899 0.001384842491305 0.001393360293736 0.001507309532993 0.001457547850373 0.001381240443774 0.001347329556436 0.001335003391500 0.001384238616688 0.001318988709290 0.001507071215037 0.001408402959015 0.001412796525953 
0.000273664513444 0.000221311582643 0.000184615414213 0.000198862543383 0.000274633589436 0.000263956899396 0.000176524297853 0.000123273947080 0.000115442025225 0.000118056014915 0.000148257594929 0.000314446138181 0.000194982667870 0.000201318291188 0.001459396186109 0.001471981042627 0.001427681094180 0.001370177956879 0.001457722518561 0.001376396782782 0.001407835671018 0.001368006616387 0.001447486366929 0.001399258053373 0.001457621607137 0.001442321957180 0.001459669889633 0.001460365146934 0.001419914506185 0.001411316914370 0.001360517043168 0.001321502799266 0.001418584124674 0.001418559446185 0.001363910361104 0.001377980399341 0.001299545259940 0.001354399851240 0.001293827052955 0.001403364865657 0.001341141740445 0.001320397334746 
0.000312550844687 0.000257493264952 0.000230416279884 0.000234023838609 0.000292251257236 0.000255180986470 0.000212293314690 0.000179564014833 0.000170229587898 0.000179530306662 0.000205676112007 0.000303968141591 0.000236448073873 0.000252649190083 0.001506876077028 0.001477834468077 0.001442897110959 0.001394442097086 0.001522875995145 0.001426085268771 0.001432548496799 0.001384390326013 0.001399258053373 0.001452317203006 0.001399187568122 0.001469993853390 0.001443348031246 0.001448268634288 0.001440551484378 0.001438298903334 0.001367633184200 0.001324286063480 0.001467347713650 0.001435745784254 0.001375419827716 0.001327181318875 0.001320117920843 0.001378240103487 0.001312280005566 0.001459156976740 0.001367404709137 0.001361422365842 
0.000255193262754 0.000203372282934 0.000179115734762 0.000187537566636 0.000254426626615 0.000235845201484 0.000169482168235 0.000114696359111 0.000112430298570 0.000114284145621 0.000150236885010 0.000284166030856 0.000184370956368 0.000192808322748 0.001495966494646 0.001494491931881 0.001457480206780 0.001404019721734 0.001472029409839 0.001401745810329 0.001433483868077 0.001399574755452 0.001457621607137 0.001399187568122 0.001496926907310 0.001467084048210 0.001485620374821 0.001490126028894 0.001465287927802 0.001446722493164 0.001390614556635 0.001360955819219 0.001447666314561 0.001433688083843 0.001390889254321 0.001423266333299 0.001326813004477 0.001384483704340 0.001325583744167 0.001425336729523 0.001385823907154 0.001366716023686 
0.000420400670292 0.000348190509147 0.000288126746567 0.000306182158431 0.000369969286976 0.000300051230995 0.000275121011326 0.000301915521281 0.000222903162211 0.000262867034271 0.000247084824726 0.000347857767364 0.000338956234396 0.000342930067681 0.001711747846250 0.001650060675382 0.001555754197355 0.001538985240559 0.001727032225521 0.001699770484086 0.001545126901660 0.001474730590112 0.001442321957180 0.001469993853390 0.001467084048210 0.001773234833712 0.001566863883165 0.001561063930067 0.001555330912655 0.001587568147077 0.001493178952830 0.001403899934586 0.001608625542413 0.001474116664181 0.001479604354683 0.001392358762249 0.001532607647800 0.001513566329649 0.001492308317431 0.001574072827769 0.001540996375876 0.001537583073589 
0.000340738835915 0.000271572037939 0.000241111553807 0.000254241047204 0.000308451047002 0.000281006336056 0.000226597815546 0.000205592765541 0.000160127904531 0.000168650269598 0.000212603251856 0.000327433506885 0.000255276625984 0.000265518872711 0.001584645668456 0.001554297599203 0.001495701675186 0.001463002019132 0.001570126817476 0.001496699038020 0.001476992555468 0.001441925011809 0.001459669889633 0.001443348031246 0.001485620374821 0.001566863883165 0.001531162874430 0.001531441795459 0.001524312933331 0.001520270542532 0.001433778633891 0.001390734900706 0.001535202921640 0.001503420949938 0.001432622461258 0.001418398090268 0.001389364105455 0.001426216349342 0.001374094959716 0.001530722372184 0.001444376682146 0.001428523637768 
0.000334306152255 0.000257366775804 0.000234786842019 0.000252007726800 0.000298644945399 0.000285573648649 0.000221067305563 0.000208047975168 0.000135748626012 0.000158919183983 0.000190381106232 0.000316669446495 0.000234567004704 0.000242170327781 0.001583999249507 0.001542951795206 0.001493982336419 0.001468273704927 0.001569923057003 0.001481350174495 0.001472903438509 0.001427398891804 0.001460365146934 0.001448268634288 0.001490126028894 0.001561063930067 0.001531441795459 0.001543071959449 0.001534582664554 0.001531524159176 0.001443714344642 0.001393240868899 0.001544705136545 0.001509006720487 0.001444303913399 0.001429767486239 0.001391706322632 0.001437641462913 0.001380165917794 0.001532776481762 0.001451407018657 0.001433001979125 
0.000299397994611 0.000237334805444 0.000235389013501 0.000243816623903 0.000224037958829 0.000216311524803 0.000211303789253 0.000233386473079 0.000163960050207 0.000131449013226 0.000243950188122 0.000242684600815 0.000243268294669 0.000248716506809 0.001615802072113 0.001534652480164 0.001501120045028 0.001510838779421 0.001563302266208 0.001507229924866 0.001478455068815 0.001489299909526 0.001419914506185 0.001440551484378 0.001465287927802 0.001555330912655 0.001524312933331 0.001534582664554 0.001736131443610 0.001657109324044 0.001589905500503 0.001567602503852 0.001724885557216 0.001664404433628 0.001570548478029 0.001510152646245 0.001479506307323 0.001506264863769 0.001523376461458 0.001739720155300 0.001602906874381 0.001606990108499 
0.000319821347888 0.000241002242955 0.000234169300972 0.000248655506154 0.000260052338175 0.000236041669920 0.000217190494819 0.000237960107214 0.000141761668891 0.000168313522380 0.000203561748717 0.000253462875337 0.000233066637352 0.000242777746645 0.001611433509674 0.001536259470227 0.001488614635815 0.001493580511488 0.001588907170811 0.001521869371799 0.001473126328474 0.001440972237899 0.001411316914370 0.001438298903334 0.001446722493164 0.001587568147077 0.001520270542532 0.001531524159176 0.001657109324044 0.001637422148821 0.001547820570939 0.001497624522191 0.001655263745422 0.001602653885564 0.001531640956427 0.001474686534565 0.001489165378639 0.001478818296894 0.001516657443571 0.001675538754562 0.001570936191551 0.001565145572734 
0.000220647909021 0.000169344009147 0.000160908271723 0.000175299045283 0.000174060661381 0.000163601799259 0.000149379828960 0.000170542041593 0.000100795604854 0.000106702214130 0.000142373875108 0.000175853369124 0.000169132731492 0.000168490653504 0.001504798209533 0.001451148285401 0.001417456924419 0.001423908182203 0.001480702872117 0.001447780775062 0.001401642489244 0.001384842491305 0.001360517043168 0.001367633184200 0.001390614556635 0.001493178952830 0.001433778633891 0.001443714344642 0.001589905500503 0.001547820570939 0.001509683758967 0.001467157934560 0.001584867337658 0.001519175880304 0.001488696044995 0.001433167644400 0.001444786005794 0.001443277286511 0.001481582338885 0.001582667800674 0.001513194905041 0.001515641126093 
0.000147927877918 0.000118684604825 0.000124052624140 0.000128513918473 0.000097711745975 0.000088734193509 0.000108999800345 0.000124265756954 0.000097470107078 0.000058837192717 0.000150789498083 0.000108218714457 0.000136286655842 0.000140001736918 0.001448499008042 0.001396562949989 0.001378819198567 0.001392174213724 0.001397511472737 0.001386743830171 0.001364065882533 0.001393360293736 0.001321502799266 0.001324286063480 0.001360955819219 0.001403899934586 0.001390734900706 0.001393240868899 0.001567602503852 0.001497624522191 0.001467157934560 0.001468393508675 0.001547254159446 0.001506993270603 0.001448358929268 0.001414887944068 0.001387200732599 0.001395382071434 0.001427611654294 0.001562297780183 0.001478182477944 0.001485722191974 
0.000364177500186 0.000291001097713 0.000283182121895 0.000292456914970 0.000277194100117 0.000253670886671 0.000255919706095 0.000288980046047 0.000204019957177 0.000176045380605 0.000285656336375 0.000285131351973 0.000301904725544 0.000303799029919 0.001654140800370 0.001569741910922 0.001512199470023 0.001529071024960 0.001610956098203 0.001563341815112 0.001494584462387 0.001507309532993 0.001418584124674 0.001467347713650 0.001447666314561 0.001608625542413 0.001535202921640 0.001544705136545 0.001724885557216 0.001655263745422 0.001584867337658 0.001547254159446 0.001756096048437 0.001663906488533 0.001568529053590 0.001465817467742 0.001485764274060 0.001528084759111 0.001503370898146 0.001757118133826 0.001594596338267 0.001599724502134 
0.000321814856577 0.000245860959102 0.000247786919834 0.000259238585920 0.000251537309116 0.000252858577937 0.000224238765257 0.000227143395871 0.000153676274866 0.000124354450343 0.000250025319853 0.000283490974340 0.000244457779310 0.000255585765027 0.001550062060942 0.001495971744821 0.001450301553432 0.001455592782595 0.001506102571252 0.001422081624055 0.001433927823748 0.001457547850373 0.001418559446185 0.001435745784254 0.001433688083843 0.001474116664181 0.001503420949938 0.001509006720487 0.001664404433628 0.001602653885564 0.001519175880304 0.001506993270603 0.001663906488533 0.001672742181479 0.001511437100157 0.001463626149160 0.001393776148749 0.001426861268678 0.001426345038828 0.001716182796247 0.001513931716382 0.001503265526716 
0.000226052986866 0.000173193058158 0.000165251394125 0.000179559581789 0.000180687090235 0.000173252022991 0.000152989092527 0.000169680981055 0.000101189192690 0.000106958813284 0.000145201260487 0.000186515014006 0.000169642152599 0.000170542859586 0.001498747442881 0.001446358060624 0.001415518911694 0.001418313778430 0.001477437833367 0.001432862678386 0.001399783884879 0.001381240443774 0.001363910361104 0.001375419827716 0.001390889254321 0.001479604354683 0.001432622461258 0.001444303913399 0.001570548478029 0.001531640956427 0.001488696044995 0.001448358929268 0.001568529053590 0.001511437100157 0.001472763743854 0.001421098998962 0.001421842650184 0.001431448695024 0.001453470569756 0.001566962745308 0.001491065803377 0.001491169423210 
0.000145053802089 0.000101415203688 0.000100629773530 0.000115789918560 0.000124904762498 0.000137869223110 0.000095141098598 0.000083489690683 0.000037443391948 0.000042275112363 0.000080110157433 0.000147982223146 0.000090043615038 0.000094097902126 0.001425401216797 0.001397278786369 0.001386460700212 0.001375136435562 0.001389046633877 0.001336266136844 0.001364429693061 0.001347329556436 0.001377980399341 0.001327181318875 0.001423266333299 0.001392358762249 0.001418398090268 0.001429767486239 0.001510152646245 0.001474686534565 0.001433167644400 0.001414887944068 0.001465817467742 0.001463626149160 0.001421098998962 0.001447710140551 0.001360514773254 0.001369472805293 0.001398783831669 0.001474059097772 0.001433529103425 0.001422054102405 
0.000179701366142 0.000141105444848 0.000116781661888 0.000136349698343 0.000138545410098 0.000110627023095 0.000113866586823 0.000162343942921 0.000082463179789 0.000119513276535 0.000091995533475 0.000113824738261 0.000141052057492 0.000140576036964 0.001487378332301 0.001426374205586 0.001386930450166 0.001403148008371 0.001490955917740 0.001491261523388 0.001380378077995 0.001335003391500 0.001299545259940 0.001320117920843 0.001326813004477 0.001532607647800 0.001389364105455 0.001391706322632 0.001479506307323 0.001489165378639 0.001444786005794 0.001387200732599 0.001485764274060 0.001393776148749 0.001421842650184 0.001360514773254 0.001469524524883 0.001408711909608 0.001481543150738 0.001478129618458 0.001482233978988 0.001487534253852 
0.000220359545270 0.000175508473236 0.000162522065388 0.000174391678457 0.000176043661092 0.000157782069263 0.000149980994781 0.000174469272312 0.000113473165135 0.000120720380108 0.000142454278863 0.000171302590674 0.000175813556981 0.000172813277337 0.001517419379544 0.001457822157697 0.001429316343332 0.001430576879892 0.001501752504515 0.001473821848821 0.001412870636764 0.001384238616688 0.001354399851240 0.001378240103487 0.001384483704340 0.001513566329649 0.001426216349342 0.001437641462913 0.001506264863769 0.001478818296894 0.001443277286511 0.001395382071434 0.001528084759111 0.001426861268678 0.001431448695024 0.001369472805293 0.001408711909608 0.001449190688663 0.001407643842721 0.001485151614703 0.001449741171078 0.001458006870061 
0.000147588750846 0.000112802866023 0.000095401423952 0.000113658807407 0.000111859233041 0.000092371530187 0.000093068282343 0.000135480768611 0.000061534914485 0.000098855015165 0.000070552674797 0.000090637495654 0.000109538062966 0.000110803139477 0.001460259090746 0.001399068997381 0.001374962012904 0.001387751341632 0.001461807461848 0.001451718974469 0.001366581382410 0.001318988709290 0.001293827052955 0.001312280005566 0.001325583744167 0.001492308317431 0.001374094959716 0.001380165917794 0.001523376461458 0.001516657443571 0.001481582338885 0.001427611654294 0.001503370898146 0.001426345038828 0.001453470569756 0.001398783831669 0.001481543150738 0.001407643842721 0.001529210408676 0.001509052586421 0.001512642273901 0.001521825977305 
0.000365673015985 0.000288032858621 0.000286994920107 0.000295142970433 0.000272529820285 0.000247854387827 0.000258340174891 0.000289678799033 0.000205146566557 0.000172975190979 0.000303236910564 0.000281788071030 0.000300682972060 0.000312288990320 0.001636014090039 0.001551435330639 0.001490613176344 0.001513666752726 0.001590035520210 0.001532332000673 0.001478753366686 0.001507071215037 0.001403364865657 0.001459156976740 0.001425336729523 0.001574072827769 0.001530722372184 0.001532776481762 0.001739720155300 0.001675538754562 0.001582667800674 0.001562297780183 0.001757118133826 0.001716182796247 0.001566962745308 0.001474059097772 0.001478129618458 0.001485151614703 0.001509052586421 0.001811898332654 0.001601745482107 0.001601822994792 
0.000217971686143 0.000173085924181 0.000162506663409 0.000174165128667 0.000160512734618 0.000136212545420 0.000149450747127 0.000187815733940 0.000119575153850 0.000123242661635 0.000160595121859 0.000149774432509 0.000179488103387 0.000184060157282 0.001547347709199 0.001470070991375 0.001437554562623 0.001453870239691 0.001520659802867 0.001501782181165 0.001424863176405 0.001408402959015 0.001341141740445 0.001367404709137 0.001385823907154 0.001540996375876 0.001444376682146 0.001451407018657 0.001602906874381 0.001570936191551 0.001513194905041 0.001478182477944 0.001594596338267 0.001513931716382 0.001491065803377 0.001433529103425 0.001482233978988 0.001449741171078 0.001512642273901 0.001601745482107 0.001552580626099 0.001557320852685 
0.000197682735691 0.000162592167225 0.000153626224616 0.000161722279562 0.000135416128055 0.000106850871619 0.000138724849702 0.000185193847512 0.000127830855931 0.000120102742514 0.000165356097599 0.000120658200739 0.000175953738662 0.000180350133611 0.001546648883521 0.001460574466406 0.001435235845397 0.001455565696553 0.001517903463085 0.001511299542805 0.001423098222766 0.001412796525953 0.001320397334746 0.001361422365842 0.001366716023686 0.001537583073589 0.001428523637768 0.001433001979125 0.001606990108499 0.001565145572734 0.001515641126093 0.001485722191974 0.001599724502134 0.001503265526716 0.001491169423210 0.001422054102405 0.001487534253852 0.001458006870061 0.001521825977305 0.001601822994792 0.001557320852685 0.001573044452356 
