0.000001218170441
0.000001299507233
0.000001145114061
0.000001106708483
0.000000936528996
0.000001050955287
0.000001234856180
0.000001094997983
0.000001077725938
0.000000764534527
0.000000656275927
0.000000534897211
0.000001934343076
0.000002171144984
0.000003203625087
0.000001527340939
0.000002305689389
0.000000649137887
0.000002315356802
0.000001805492606
0.000003556178086
0.000003122874485
0.000000000000000
0.000009863140962
0.000000793946651
0.000001509567748
0.000001826437807
0.000001583913927
0.000001088240442
0.000000865278310
0.000002387610921
0.000002516323923
0.000000300697838
0.000000865267004
0.000005468927264
0.000001286628785
0.000000332193455
0.000000337773425
0.000000357881779
0.000000323166607
0.000000270589516
0.000000189530733
