1.000000000000000 0.999201997996644 0.994605099721980 0.996425653049063 0.986760851213900 0.989056545451544 0.997455889977201 0.950804420631313 0.991826544347145 0.997258561072958 0.967456072586142 0.982569388248097 0.997273325399323 0.998470747777951 0.457805453924486 0.461174593642758 0.365304363968186 0.298545723401543 0.478322239867423 0.414965756859963 0.364574084426853 0.335243088250246 0.323183414200165 0.380164938582633 0.298446982931566 0.449752533410933 0.384112705060043 0.368603757077897 0.319321317769885 0.337736090152366 0.246171040587782 0.184507854895728 0.386476818479055 0.352149999340578 0.255817424436727 0.164942390468039 0.207982895424299 0.262478249459019 0.163910401948732 0.382415271495949 0.246720988256996 0.230295883925412 
0.999201997996644 1.000000000000000 0.994450086481492 0.993750195031988 0.987979283265373 0.989615647314135 0.997493058896927 0.947909963144130 0.993327381003581 0.998637147468232 0.966992055449782 0.983573342786325 0.996877391311919 0.997740524536904 0.422067705967049 0.425980068472442 0.328409565008583 0.260290565103876 0.443312327783923 0.378556847499139 0.327654109159708 0.297428952635993 0.286428343601994 0.343528887612472 0.261189657129137 0.414157767945159 0.347425528713919 0.331627781543695 0.281951450115191 0.300054880588222 0.207456548337372 0.145486865880104 0.349991254610027 0.315047161055031 0.217099080794163 0.125433904015177 0.168748315919632 0.223775095959031 0.124513924367308 0.346481278531545 0.208059404572623 0.191606840221345 
0.994605099721980 0.994450086481492 1.000000000000000 0.997486319447529 0.966434707019926 0.969540010339128 0.999394896150613 0.976095166999611 0.999073417135932 0.987612196458650 0.988282972464725 0.959491813687202 0.999546983231672 0.998774300075489 0.433144640573250 0.427883115592006 0.331917965097878 0.274509156659862 0.447534803165037 0.387085283491948 0.331386060247592 0.311952631459309 0.281596103733695 0.346406213629545 0.258660163387151 0.418910931441826 0.351987738304998 0.337177989190215 0.321799428613348 0.330453944104274 0.239376913082858 0.181978380028867 0.387740583623017 0.352075554270043 0.246101497989330 0.145223863850719 0.191271304719831 0.240722481084204 0.155705051883889 0.390787665163121 0.241094247639661 0.227240824765244 
0.996425653049063 0.993750195031988 0.997486319447529 1.000000000000000 0.970053167018459 0.973858246764677 0.997689961224489 0.971326107880060 0.993572801188539 0.987615950991504 0.981375217097599 0.964294688864946 0.998365717506923 0.998699242176704 0.492363848325341 0.489034063926236 0.395668500182330 0.337353914782297 0.507609312076245 0.448340326188412 0.395111308225760 0.373883036199149 0.347776210020760 0.409882947434453 0.325027260361505 0.479881836669267 0.415018918251701 0.400424117952381 0.374967083362720 0.387135549164755 0.297500759201686 0.239265496612491 0.439937092963215 0.405626866498815 0.305143174667048 0.208665310501146 0.253320896092835 0.303535603052573 0.215350669780016 0.439943326825998 0.298772174801232 0.284163980425999 
0.986760851213900 0.987979283265372 0.966434707019926 0.970053167018459 1.000000000000000 0.999805823837149 0.974785928173288 0.888475021284897 0.964004215690622 0.994518277478332 0.916031777257716 0.999632742292976 0.973298059456092 0.976814219563198 0.419352472096421 0.436650443565813 0.339666273154022 0.257636855011929 0.450033096944031 0.380960227151449 0.338605214945561 0.293302521880887 0.310981186164638 0.355272912199357 0.283093310474529 0.421025008505760 0.356589022193820 0.339799201391163 0.239752300755781 0.271907292645011 0.179506035863146 0.112081721058188 0.309044854414600 0.276265724719697 0.193349660978827 0.117860904076224 0.156031274135738 0.218021350395584 0.099735152690772 0.295394202737137 0.178387011880041 0.158367928357930 
0.989056545451544 0.989615647314135 0.969540010339128 0.973858246764678 0.999805823837149 1.000000000000000 0.977454171764155 0.894768842429612 0.966543009190312 0.995380894052093 0.920803773017362 0.999241152100235 0.976196825546939 0.979664043343512 0.434151929204840 0.450320362982099 0.353858612546523 0.273245674128126 0.463920692617827 0.395624722139704 0.352827645227460 0.308879837650984 0.324158040807240 0.369346469574074 0.296622308149452 0.435101060822345 0.370864373207666 0.354239114479641 0.257750493150657 0.289084269345505 0.196973906256240 0.129975530433702 0.326683872801977 0.293960912901669 0.210541473305179 0.134151340203376 0.172615346702810 0.233979097216152 0.117161586566347 0.313507326835174 0.195952855284581 0.176170973743752 
0.997455889977201 0.997493058896927 0.999394896150613 0.997689961224489 0.974785928173288 0.977454171764155 1.000000000000000 0.968070610400408 0.998268426341667 0.992440617612957 0.982396362970421 0.968704419028663 0.999928915364881 0.999731991271408 0.432827723789758 0.430600056242795 0.334111813836400 0.273139998366109 0.449481743028760 0.387621433987484 0.333506112943277 0.310492277884147 0.286519813467053 0.348809543219671 0.262821410348042 0.420690647200640 0.353835726572751 0.338698518075538 0.311802449697652 0.323669184923292 0.232049926057781 0.173067644218809 0.378460494086261 0.343042811346521 0.239764141585594 0.141920921029910 0.187085106010205 0.238429740023147 0.148573470748804 0.379262852642808 0.233390506008157 0.218648238847033 
0.950804420631313 0.947909963144130 0.976095166999611 0.971326107880060 0.888475021284897 0.894768842429612 0.968070610400408 1.000000000000000 0.974737691439645 0.929993992305979 0.996626240470471 0.876782162887473 0.969986777146417 0.966122698756603 0.458729303374775 0.434910344181872 0.346430344616545 0.313297068094755 0.458442985317065 0.409508496746316 0.346380043453448 0.349809656850384 0.281020948623026 0.359005259742124 0.263785455422801 0.432196353925112 0.367807609144800 0.355656317311518 0.410040876514437 0.399538185757244 0.315259670102567 0.269236384562601 0.468982520632795 0.433440375836477 0.315877989957537 0.200417543177026 0.250204061484444 0.286421507737846 0.233415128197159 0.484831594091945 0.319131911557432 0.311010041049390 
0.991826544347145 0.993327381003581 0.999073417135932 0.993572801188539 0.964004215690622 0.966543009190312 0.998268426341667 0.974737691439645 1.000000000000000 0.986520532515476 0.988813555139455 0.956546670966522 0.998028668944784 0.996702445409037 0.394310165275257 0.388617386493525 0.291088040425058 0.233468247023030 0.408708509567040 0.347284350773925 0.290554365602776 0.271381776003442 0.240045775201779 0.305770693600336 0.216847337390480 0.379538087122395 0.311478786326360 0.296482286979276 0.284573389769271 0.291801979002291 0.199881481038245 0.142741303124797 0.351162800031517 0.314783413889098 0.206262098495039 0.103607811492520 0.150203664067625 0.199542286958454 0.115489247373529 0.355557611032869 0.201781097287261 0.188210808606150 
0.997258561072958 0.998637147468232 0.987612196458650 0.987615950991504 0.994518277478332 0.995380894052092 0.992440617612957 0.929993992305979 0.986520532515476 1.000000000000000 0.952547850939210 0.991355238196391 0.991420090596571 0.993054846807881 0.412266260601038 0.420688418870504 0.322610860862047 0.249436022147923 0.436828478585511 0.370131940982555 0.321747357658317 0.286304211946251 0.284891988897846 0.337995349909032 0.258594585063751 0.407491797453270 0.341048224471245 0.324811368063407 0.258540436901849 0.281166340904250 0.188130753905021 0.124159511494627 0.327390369005934 0.292897722694787 0.199159944397073 0.112320212620071 0.154139325680365 0.211704150400948 0.105837359325802 0.320729372261064 0.188190066316076 0.170532584852572 
0.967456072586142 0.966992055449782 0.988282972464725 0.981375217097599 0.916031777257716 0.920803773017362 0.982396362970421 0.996626240470471 0.988813555139455 0.952547850939210 1.000000000000000 0.905304423056382 0.983387479570186 0.979965242533413 0.416261641739685 0.397834426543979 0.304985890003091 0.263707014670210 0.420673846861541 0.366861363396699 0.304779652439604 0.301165989912211 0.243353462035092 0.318426814176329 0.223950659055801 0.393002885274136 0.326368373360252 0.313122456650433 0.348795783257060 0.343007084637849 0.255286562572881 0.205615717941948 0.410917736229107 0.374461195670924 0.257534335373307 0.144409453267316 0.193797367095843 0.234340378237653 0.171719688586163 0.424040235989523 0.258664260685313 0.248933341030749 
0.982569388248096 0.983573342786325 0.959491813687202 0.964294688864946 0.999632742292976 0.999241152100235 0.968704419028663 0.876782162887473 0.956546670966522 0.991355238196391 0.905304423056382 1.000000000000000 0.967146765998898 0.971171524504274 0.424316992474669 0.443784999932155 0.347419890677336 0.263419284008469 0.456424895782809 0.387010986665809 0.346313042701071 0.298673611101034 0.321063376996729 0.363029727068246 0.292870629728982 0.427610577538008 0.363907618339475 0.347035652651054 0.238606595796163 0.273165478921473 0.181187311660835 0.113027925307716 0.307803575258564 0.275579971241126 0.195724364074283 0.123329693079141 0.160480670443459 0.223437645614911 0.102261197479307 0.292338674085314 0.179764822645124 0.159180880544212 
0.997273325399323 0.996877391311919 0.999546983231672 0.998365717506923 0.973298059456091 0.976196825546939 0.999928915364881 0.969986777146417 0.998028668944784 0.991420090596572 0.983387479570186 0.967146765998898 1.000000000000000 0.999805029727141 0.441962476221482 0.439159638409802 0.343176200118226 0.283061749229504 0.458105855827159 0.396802607092781 0.342587511690888 0.320316094657108 0.295154166180221 0.357778395762443 0.271692597018343 0.429486681999752 0.362897709079322 0.347880655254487 0.322743423830342 0.334226724857641 0.242945723796666 0.184267981236302 0.389075250579381 0.353777823843256 0.250518526496284 0.152436312375309 0.197659335074979 0.248597475087411 0.159612218470129 0.390060945320343 0.244327181897003 0.229719580201984 
0.998470747777951 0.997740524536905 0.998774300075489 0.998699242176704 0.976814219563198 0.979664043343512 0.999731991271408 0.966122698756604 0.996702445409037 0.993054846807881 0.979965242533413 0.971171524504274 0.999805029727141 1.000000000000000 0.451300345077347 0.449926037672411 0.354181760660562 0.292617940336650 0.468412811376177 0.406788556873503 0.353561908441269 0.329686284684946 0.307562886176303 0.368814984302269 0.283853919597230 0.439880297039364 0.373657355837590 0.358556413606339 0.327560001067375 0.340789783099548 0.249554173798747 0.190167068070303 0.393990140033848 0.359006750907875 0.257637965892292 0.161395094815939 0.206062421471626 0.257813376988592 0.166549414227051 0.393659989016297 0.250724963926283 0.235670736496596 
0.457805453924486 0.422067705967049 0.433144640573249 0.492363848325341 0.419352472096421 0.434151929204840 0.432827723789758 0.458729303374775 0.394310165275258 0.412266260601038 0.416261641739685 0.424316992474669 0.441962476221482 0.451300345077347 1.000000000000000 0.996189016485661 0.991617950615556 0.985094094768743 0.997718524335726 0.998448647064227 0.991698243013896 0.990888968125853 0.976456989845386 0.992727457766597 0.975272124042751 0.998085263539099 0.994318645278103 0.993333529527219 0.954531292600200 0.976833033767584 0.959110035770351 0.935652448928363 0.965418827859854 0.964964580466961 0.965635767768980 0.950916427111404 0.961404329146048 0.977412662536298 0.939216275896075 0.946152527875743 0.957300683321177 0.948770139973535 
0.461174593642758 0.425980068472442 0.427883115592006 0.489034063926236 0.436650443565813 0.450320362982099 0.430600056242795 0.434910344181872 0.388617386493525 0.420688418870504 0.397834426543979 0.443784999932155 0.439159638409802 0.449926037672411 0.996189016485660 1.000000000000000 0.994414572285310 0.979149151502548 0.999539079073784 0.996915486802995 0.994311469110799 0.984593225988177 0.986268850051091 0.996003415227152 0.983244953177241 0.999572236345395 0.996184018086892 0.994424789147467 0.926884677992044 0.957168565495261 0.938391174893501 0.911178984876540 0.939351319479718 0.939624512830035 0.947364480022637 0.940574282780194 0.948693434882907 0.969268821195691 0.919272245127097 0.914486052383090 0.935636025517076 0.924935216465212 
0.365304363968186 0.328409565008583 0.331917965097878 0.395668500182330 0.339666273154022 0.353858612546523 0.334111813836400 0.346430344616544 0.291088040425058 0.322610860862047 0.304985890003091 0.347419890677336 0.343176200118226 0.354181760660562 0.991617950615556 0.994414572285310 1.000000000000000 0.992799338938794 0.992112621652596 0.997207113134737 0.999997530084312 0.994208577734384 0.995694269161606 0.999858997424965 0.995640922752413 0.995561842340952 0.999730364104656 0.999800353507798 0.937786657192940 0.966545407551306 0.957782660950406 0.936916752760471 0.942758953220387 0.947029093949369 0.965799773238155 0.968586739118213 0.972265698562385 0.986929295738969 0.947368033420244 0.917737219895562 0.954926222039914 0.945868867796967 
0.298545723401543 0.260290565103876 0.274509156659862 0.337353914782297 0.257636855011929 0.273245674128126 0.273139998366109 0.313297068094755 0.233468247023030 0.249436022147923 0.263707014670210 0.263419284008469 0.283061749229504 0.292617940336650 0.985094094768743 0.979149151502548 0.992799338938795 1.000000000000000 0.977816412966755 0.991286124304078 0.993054689178336 0.999230140276933 0.983506429316542 0.991062189808157 0.987273452859582 0.983743149420554 0.992235467711752 0.994277255820945 0.966693147305937 0.985805638189750 0.984533430409363 0.971805416767453 0.965234595575259 0.971216617163934 0.989291354365544 0.989678992163252 0.993045629214793 0.999031532488738 0.978857767182388 0.946244707171704 0.982638162235228 0.976986703806435 
0.478322239867423 0.443312327783923 0.447534803165037 0.507609312076245 0.450033096944031 0.463920692617827 0.449481743028760 0.458442985317065 0.408708509567040 0.436828478585511 0.420673846861541 0.456424895782809 0.458105855827159 0.468412811376177 0.997718524335726 0.999539079073784 0.992112621652596 0.977816412966755 1.000000000000000 0.996863524572265 0.992042854830302 0.984129321354775 0.981228116758567 0.993893960295574 0.978164689273368 0.999476104834958 0.994537474640058 0.992651250463957 0.932313969030231 0.960590304191165 0.940209973422569 0.912872480039208 0.945754611707445 0.945055861928304 0.948661161175911 0.937773943072506 0.947416031180133 0.967803975675970 0.919214768339619 0.922533343279820 0.937746203002748 0.927357573953758 
0.414965756859963 0.378556847499139 0.387085283491948 0.448340326188412 0.380960227151449 0.395624722139704 0.387621433987484 0.409508496746316 0.347284350773925 0.370131940982555 0.366861363396699 0.387010986665809 0.396802607092781 0.406788556873503 0.998448647064227 0.996915486802995 0.997207113134737 0.991286124304078 0.996863524572265 1.000000000000000 0.997268325652161 0.995073002342514 0.986358499599977 0.997681147205398 0.985898298902542 0.998712290899853 0.998619452726615 0.998209877622498 0.951512604025826 0.976034610529353 0.962591587433894 0.940704027688893 0.959478784996884 0.961161740106525 0.969568378439505 0.962184073078998 0.969752116500593 0.984673816095116 0.947021606659445 0.938072845481038 0.960388542065779 0.951825767689829 
0.364574084426853 0.327654109159708 0.331386060247592 0.395111308225760 0.338605214945561 0.352827645227459 0.333506112943277 0.346380043453448 0.290554365602776 0.321747357658317 0.304779652439604 0.346313042701071 0.342587511690889 0.353561908441269 0.991698243013896 0.994311469110800 0.999997530084312 0.993054689178335 0.992042854830302 0.997268325652161 1.000000000000000 0.994444265996355 0.995555749617929 0.999833500175826 0.995565460272516 0.995523432211711 0.999735390599979 0.999835915633083 0.938524203883847 0.967088315283821 0.958418816402554 0.937683094429557 0.943408389290822 0.947689345534575 0.966372859179524 0.969042338547320 0.972745616226300 0.987263064909334 0.948046012072144 0.918514613354576 0.955583508973210 0.946587517307008 
0.335243088250246 0.297428952635993 0.311952631459309 0.373883036199149 0.293302521880887 0.308879837650984 0.310492277884147 0.349809656850384 0.271381776003442 0.286304211946251 0.301165989912211 0.298673611101034 0.320316094657108 0.329686284684946 0.990888968125852 0.984593225988177 0.994208577734384 0.999230140276933 0.984129321354775 0.995073002342514 0.994444265996355 1.000000000000000 0.982791783184731 0.993067732130379 0.985632137301824 0.988831007650081 0.994492198553568 0.995929024489783 0.968841312503569 0.987855594216318 0.982928479942692 0.968125871232036 0.970035360796678 0.974476597343549 0.987834952429639 0.983903320932688 0.989164471361826 0.996961370246548 0.973901741143255 0.951552146419290 0.981151787267601 0.975065430483610 
0.323183414200165 0.286428343601994 0.281596103733695 0.347776210020760 0.310981186164638 0.324158040807240 0.286519813467053 0.281020948623026 0.240045775201779 0.284891988897846 0.243353462035092 0.321063376996729 0.295154166180221 0.307562886176303 0.976456989845386 0.986268850051091 0.995694269161606 0.983506429316542 0.981228116758567 0.986358499599977 0.995555749617929 0.982791783184731 1.000000000000000 0.995268255296605 0.999441145684144 0.985812105465015 0.993620118809233 0.993729777693543 0.906499495263055 0.942157107815639 0.936825250154225 0.915247643438218 0.909695324411936 0.916388741335621 0.946751552148563 0.961491245365504 0.960865456289895 0.977287756191298 0.931080222850930 0.879343825064207 0.933022710516869 0.922639199340770 
0.380164938582633 0.343528887612472 0.346406213629545 0.409882947434453 0.355272912199357 0.369346469574074 0.348809543219671 0.359005259742124 0.305770693600336 0.337995349909032 0.318426814176329 0.363029727068246 0.357778395762443 0.368814984302269 0.992727457766597 0.996003415227152 0.999858997424965 0.991062189808157 0.993893960295574 0.997681147205398 0.999833500175826 0.993067732130379 0.995268255296605 1.000000000000000 0.994687249966313 0.996814215413526 0.999858066341174 0.999618435581602 0.935509877875951 0.964855746017785 0.954527972388222 0.932530048930637 0.941686026672916 0.945384940833310 0.962798552065686 0.964475597133720 0.968727666465702 0.984488481316981 0.942823400448386 0.916435142037413 0.951644950948317 0.942241346520321 
0.298446982931566 0.261189657129137 0.258660163387151 0.325027260361505 0.283093310474529 0.296622308149452 0.262821410348042 0.263785455422801 0.216847337390480 0.258594585063751 0.223950659055801 0.292870629728982 0.271692597018343 0.283853919597230 0.975272124042751 0.983244953177241 0.995640922752414 0.987273452859582 0.978164689273368 0.985898298902542 0.995565460272516 0.985632137301824 0.999441145684145 0.994687249966313 1.000000000000000 0.983660455716128 0.993256151459936 0.993979444226404 0.914148122795665 0.947743216147842 0.945116374209551 0.925908094577726 0.915156676733799 0.922684184326014 0.954290036119439 0.969747740598257 0.968512840211565 0.982509608074922 0.941372978995534 0.885952599327749 0.941487966975345 0.931970361537648 
0.449752533410933 0.414157767945159 0.418910931441826 0.479881836669267 0.421025008505760 0.435101060822345 0.420690647200640 0.432196353925112 0.379538087122395 0.407491797453270 0.393002885274136 0.427610577538008 0.429486681999752 0.439880297039365 0.998085263539099 0.999572236345395 0.995561842340952 0.983743149420554 0.999476104834958 0.998712290899853 0.995523432211711 0.988831007650080 0.985812105465015 0.996814215413526 0.983660455716128 1.000000000000000 0.997368789542113 0.996042815101158 0.937391077707829 0.965222532584082 0.947881036155677 0.922454287289341 0.948551791114264 0.949075080825555 0.956045606467812 0.948049457261435 0.956354853279981 0.974950326734183 0.929515575853826 0.925260568761242 0.945385059441111 0.935489462042123 
0.384112705060043 0.347425528713919 0.351987738304998 0.415018918251701 0.356589022193820 0.370864373207666 0.353835726572751 0.367807609144800 0.311478786326360 0.341048224471245 0.326368373360252 0.363907618339475 0.362897709079322 0.373657355837590 0.994318645278102 0.996184018086892 0.999730364104656 0.992235467711752 0.994537474640058 0.998619452726615 0.999735390599979 0.994492198553568 0.993620118809233 0.999858066341174 0.993256151459936 0.997368789542113 1.000000000000000 0.999825518304265 0.940924216309457 0.968830897543176 0.958244555675763 0.936663262700503 0.947141636111933 0.950522759131912 0.966095481032660 0.965822429507913 0.970731720450338 0.985896627511696 0.945989775493245 0.922952705836498 0.955545225355647 0.946476332271626 
0.368603757077897 0.331627781543695 0.337177989190215 0.400424117952381 0.339799201391163 0.354239114479641 0.338698518075538 0.355656317311518 0.296482286979276 0.324811368063407 0.313122456650433 0.347035652651054 0.347880655254487 0.358556413606339 0.993333529527219 0.994424789147467 0.999800353507798 0.994277255820945 0.992651250463957 0.998209877622498 0.999835915633083 0.995929024489782 0.993729777693543 0.999618435581602 0.993979444226404 0.996042815101158 0.999825518304265 1.000000000000000 0.944314017094787 0.971322473464883 0.962395685144145 0.942123371789793 0.949226854736871 0.953173389142250 0.969895083113350 0.970483211447714 0.974885120724818 0.988747349707807 0.951448808670207 0.925478595126830 0.959758266601932 0.951126898243477 
0.319321317769885 0.281951450115191 0.321799428613348 0.374967083362720 0.239752300755781 0.257750493150657 0.311802449697652 0.410040876514437 0.284573389769271 0.258540436901849 0.348795783257060 0.238606595796163 0.322743423830343 0.327560001067375 0.954531292600200 0.926884677992045 0.937786657192940 0.966693147305938 0.932313969030231 0.951512604025826 0.938524203883847 0.968841312503568 0.906499495263055 0.935509877875951 0.914148122795665 0.937391077707829 0.940924216309458 0.944314017094787 1.000000000000000 0.995469093514020 0.992761641434933 0.988738662459760 0.997397663369341 0.999138416307465 0.990543033312972 0.963183171494610 0.975408529373455 0.970399246472041 0.981064585189166 0.995803454469607 0.993780797491689 0.994014199445812 
0.337736090152366 0.300054880588222 0.330453944104274 0.387135549164755 0.271907292645011 0.289084269345505 0.323669184923292 0.399538185757244 0.291801979002291 0.281166340904250 0.343007084637849 0.273165478921473 0.334226724857641 0.340789783099548 0.976833033767584 0.957168565495261 0.966545407551306 0.985805638189749 0.960590304191165 0.976034610529353 0.967088315283821 0.987855594216318 0.942157107815639 0.964855746017785 0.947743216147842 0.965222532584082 0.968830897543176 0.971322473464883 0.995469093514020 1.000000000000000 0.995415218405646 0.986621924350342 0.995044026576101 0.997421871538283 0.995981654768044 0.976326175115649 0.986456644229673 0.986867837653367 0.983755483584446 0.987035292068641 0.995390898494968 0.993059147509639 
0.246171040587782 0.207456548337372 0.239376913082858 0.297500759201686 0.179506035863146 0.196973906256240 0.232049926057781 0.315259670102566 0.199881481038245 0.188130753905021 0.255286562572881 0.181187311660835 0.242945723796666 0.249554173798747 0.959110035770351 0.938391174893501 0.957782660950406 0.984533430409363 0.940209973422569 0.962591587433894 0.958418816402554 0.982928479942692 0.936825250154225 0.954527972388222 0.945116374209551 0.947881036155677 0.958244555675763 0.962395685144144 0.992761641434933 0.995415218405647 1.000000000000000 0.997269042307555 0.985486011291024 0.991401425829950 0.999561068059252 0.988402724620794 0.994508017134548 0.989323497930126 0.996326220740080 0.977754553560729 0.999936120430042 0.999240424208959 
0.184507854895728 0.145486865880104 0.181978380028867 0.239265496612491 0.112081721058188 0.129975530433702 0.173067644218809 0.269236384562601 0.142741303124797 0.124159511494627 0.205615717941948 0.113027925307716 0.184267981236302 0.190167068070303 0.935652448928363 0.911178984876540 0.936916752760471 0.971805416767453 0.912872480039207 0.940704027688893 0.937683094429557 0.968125871232036 0.915247643438218 0.932530048930637 0.925908094577726 0.922454287289341 0.936663262700503 0.942123371789793 0.988738662459760 0.986621924350342 0.997269042307555 1.000000000000000 0.976636800132597 0.984321895828037 0.995120787748857 0.985822697807867 0.990413689193994 0.979808995579189 0.998231024028977 0.971696991240437 0.997604997479541 0.998900532686559 
0.386476818479055 0.349991254610027 0.387740583623017 0.439937092963215 0.309044854414600 0.326683872801977 0.378460494086261 0.468982520632795 0.351162800031517 0.327390369005934 0.410917736229107 0.307803575258564 0.389075250579381 0.393990140033847 0.965418827859853 0.939351319479718 0.942758953220387 0.965234595575259 0.945754611707445 0.959478784996884 0.943408389290822 0.970035360796678 0.909695324411936 0.941686026672916 0.915156676733799 0.948551791114263 0.947141636111933 0.949226854736871 0.997397663369341 0.995044026576101 0.985486011291024 0.976636800132597 1.000000000000000 0.999204380933470 0.984252986440044 0.951468967085434 0.966401872975408 0.965972194516944 0.968006965865069 0.997652951364759 0.986439200017049 0.985253669787895 
0.352149999340578 0.315047161055031 0.352075554270043 0.405626866498815 0.276265724719697 0.293960912901669 0.343042811346521 0.433440375836477 0.314783413889098 0.292897722694787 0.374461195670924 0.275579971241126 0.353777823843256 0.359006750907875 0.964964580466961 0.939624512830035 0.947029093949369 0.971216617163934 0.945055861928304 0.961161740106525 0.947689345534575 0.974476597343549 0.916388741335621 0.945384940833310 0.922684184326014 0.949075080825555 0.950522759131912 0.953173389142250 0.999138416307465 0.997421871538283 0.991401425829950 0.984321895828037 0.999204380933470 1.000000000000000 0.990181561529211 0.962087839005199 0.975043453919135 0.973110684435405 0.977235617050480 0.995948032815491 0.992175784228754 0.991269429229247 
0.255817424436727 0.217099080794163 0.246101497989330 0.305143174667048 0.193349660978827 0.210541473305179 0.239764141585594 0.315877989957537 0.206262098495039 0.199159944397073 0.257534335373307 0.195724364074283 0.250518526496284 0.257637965892292 0.965635767768980 0.947364480022637 0.965799773238155 0.989291354365544 0.948661161175911 0.969568378439505 0.966372859179524 0.987834952429639 0.946751552148564 0.962798552065686 0.954290036119439 0.956045606467812 0.966095481032660 0.969895083113350 0.990543033312971 0.995981654768044 0.999561068059252 0.995120787748857 0.984252986440044 0.990181561529211 1.000000000000000 0.990736544478581 0.996406153627429 0.993109962711944 0.995517184659187 0.974606683188060 0.999188570747939 0.997651205985457 
0.164942390468039 0.125433904015177 0.145223863850719 0.208665310501146 0.117860904076224 0.134151340203376 0.141920921029910 0.200417543177026 0.103607811492520 0.112320212620071 0.144409453267316 0.123329693079141 0.152436312375309 0.161395094815938 0.950916427111404 0.940574282780194 0.968586739118213 0.989678992163252 0.937773943072506 0.962184073078998 0.969042338547320 0.983903320932688 0.961491245365504 0.964475597133719 0.969747740598257 0.948049457261435 0.965822429507913 0.970483211447714 0.963183171494610 0.976326175115649 0.988402724620794 0.985822697807867 0.951468967085434 0.962087839005199 0.990736544478581 1.000000000000000 0.998581922840291 0.994833443969966 0.993741308760134 0.935261759209060 0.986841509388065 0.984404457252387 
0.207982895424299 0.168748315919632 0.191271304719831 0.253320896092835 0.156031274135738 0.172615346702810 0.187085106010205 0.250204061484444 0.150203664067625 0.154139325680365 0.193797367095843 0.160480670443459 0.197659335074979 0.206062421471626 0.961404329146048 0.948693434882907 0.972265698562385 0.993045629214793 0.947416031180133 0.969752116500593 0.972745616226300 0.989164471361825 0.960865456289895 0.968727666465702 0.968512840211565 0.956354853279981 0.970731720450338 0.974885120724818 0.975408529373455 0.986456644229673 0.994508017134548 0.990413689193994 0.966401872975408 0.975043453919135 0.996406153627429 0.998581922840291 1.000000000000000 0.997230969618595 0.995700191922549 0.952162576814666 0.993321566052329 0.990911013120355 
0.262478249459019 0.223775095959031 0.240722481084204 0.303535603052573 0.218021350395584 0.233979097216152 0.238429740023147 0.286421507737846 0.199542286958454 0.211704150400948 0.234340378237653 0.223437645614911 0.248597475087411 0.257813376988592 0.977412662536298 0.969268821195691 0.986929295738969 0.999031532488738 0.967803975675970 0.984673816095116 0.987263064909334 0.996961370246548 0.977287756191298 0.984488481316981 0.982509608074922 0.974950326734183 0.985896627511696 0.988747349707806 0.970399246472041 0.986867837653366 0.989323497930126 0.979808995579189 0.965972194516944 0.973110684435405 0.993109962711944 0.994833443969966 0.997230969618595 1.000000000000000 0.986500979365111 0.948453476884917 0.987641510769310 0.983136344087528 
0.163910401948732 0.124513924367308 0.155705051883889 0.215350669780016 0.099735152690772 0.117161586566347 0.148573470748804 0.233415128197159 0.115489247373529 0.105837359325802 0.171719688586163 0.102261197479307 0.159612218470129 0.166549414227051 0.939216275896075 0.919272245127097 0.947368033420244 0.978857767182388 0.919214768339619 0.947021606659445 0.948046012072144 0.973901741143255 0.931080222850930 0.942823400448386 0.941372978995534 0.929515575853826 0.945989775493245 0.951448808670207 0.981064585189166 0.983755483584446 0.996326220740079 0.998231024028976 0.968006965865069 0.977235617050480 0.995517184659186 0.993741308760134 0.995700191922549 0.986500979365111 1.000000000000000 0.959335675137666 0.996021944961859 0.996326271407471 
0.382415271495949 0.346481278531545 0.390787665163121 0.439943326825998 0.295394202737138 0.313507326835174 0.379262852642808 0.484831594091945 0.355557611032869 0.320729372261064 0.424040235989523 0.292338674085314 0.390060945320343 0.393659989016297 0.946152527875743 0.914486052383090 0.917737219895562 0.946244707171704 0.922533343279820 0.938072845481038 0.918514613354576 0.951552146419290 0.879343825064207 0.916435142037413 0.885952599327748 0.925260568761241 0.922952705836498 0.925478595126829 0.995803454469607 0.987035292068640 0.977754553560729 0.971696991240437 0.997652951364759 0.995948032815491 0.974606683188060 0.935261759209060 0.952162576814666 0.948453476884917 0.959335675137666 1.000000000000000 0.979474951937069 0.979976007477208 
0.246720988256996 0.208059404572623 0.241094247639661 0.298772174801232 0.178387011880041 0.195952855284581 0.233390506008157 0.319131911557432 0.201781097287261 0.188190066316076 0.258664260685313 0.179764822645124 0.244327181897003 0.250724963926283 0.957300683321177 0.935636025517076 0.954926222039914 0.982638162235228 0.937746203002748 0.960388542065779 0.955583508973209 0.981151787267601 0.933022710516868 0.951644950948317 0.941487966975345 0.945385059441111 0.955545225355647 0.959758266601931 0.993780797491688 0.995390898494968 0.999936120430042 0.997604997479540 0.986439200017049 0.992175784228754 0.999188570747939 0.986841509388065 0.993321566052329 0.987641510769310 0.996021944961859 0.979474951937069 1.000000000000000 0.999567279144585 
0.230295883925412 0.191606840221345 0.227240824765244 0.284163980425999 0.158367928357930 0.176170973743752 0.218648238847033 0.311010041049390 0.188210808606150 0.170532584852572 0.248933341030749 0.159180880544212 0.229719580201984 0.235670736496596 0.948770139973535 0.924935216465212 0.945868867796967 0.976986703806434 0.927357573953758 0.951825767689829 0.946587517307008 0.975065430483610 0.922639199340770 0.942241346520321 0.931970361537648 0.935489462042123 0.946476332271626 0.951126898243477 0.994014199445812 0.993059147509639 0.999240424208959 0.998900532686559 0.985253669787896 0.991269429229246 0.997651205985456 0.984404457252387 0.990911013120354 0.983136344087528 0.996326271407471 0.979976007477208 0.999567279144585 1.000000000000000 
