1.000000000000000 0.987934041685288 0.992314186930188 0.993973840811295 0.988842778397878 0.961970768233277 0.970175344159142 0.957301994550689 0.968517758025123 0.982047422967114 0.985257560743595 0.937922047997595 0.818034604622499 0.795192331121727 0.977369592711565 0.886707626527806 0.893828120296814 0.402409084253485 0.796216760959021 0.766967957987011 0.255550322099675 0.874062026920919 NaN NaN 0.904955180517305 0.687698522019822 0.918404095426923 0.736167598099423 0.706656842406666 0.429754577909402 0.943342944662258 0.923058520841109 0.908046136854351 0.834318250814231 0.948579300896381 0.292345168100834 0.995508551893148 0.987084395862771 0.993278261555289 0.991271620612936 0.983591293018677 0.969106943848797 
0.987934041685288 1.000000000000000 0.982909450480522 0.978859589678646 0.999151256020515 0.941081463286744 0.950577861622289 0.982615849022777 0.934025273966786 0.970850232835237 0.983323658462048 0.966181990882415 0.762140332507884 0.740153877640314 0.943539637134314 0.861038005281841 0.911914323071239 0.353701631254843 0.868856124746433 0.738239881795075 0.252244916219395 0.926870599482801 NaN NaN 0.942682719281136 0.607059377251141 0.947313154083485 0.699545085734817 0.671522632694278 0.358947094771297 0.917127890910159 0.924622533131089 0.927414407597091 0.850579333981737 0.977601734300432 0.173556217643319 0.979510341258699 0.953887456187693 0.968286872195809 0.961611940938133 0.947841103047437 0.939627401063853 
0.992314186930188 0.982909450480522 1.000000000000000 0.986238645269672 0.985381918375914 0.962427353134315 0.939505341056697 0.957024666209740 0.943101838771739 0.981348829192076 0.975965547162355 0.956016494537770 0.790620492348840 0.764489030735431 0.960278994257033 0.924701289847836 0.933891915731407 0.323870770300765 0.827653676600110 0.700052049861723 0.214350183622393 0.878801618076758 NaN NaN 0.905780536315514 0.616324374017913 0.919832911473272 0.727355822009585 0.696297854743518 0.338265985076602 0.964761832109797 0.907051084114710 0.923505628968018 0.794256432686650 0.953278598963248 0.336257628654377 0.980768054154165 0.973815773069170 0.977370912172964 0.983724394424505 0.976064488503012 0.971635789702807 
0.993973840811295 0.978859589678646 0.986238645269672 1.000000000000000 0.978935592804546 0.931397718171682 0.979471684647453 0.954275301196558 0.981324584099894 0.987772113313660 0.973580114204067 0.933922615816432 0.797008158654855 0.746065727152457 0.979178613957907 0.869524088496878 0.880030649927631 0.411429195973386 0.789799161388974 0.804113669807654 0.187154629300926 0.870884550282226 NaN NaN 0.922364398419075 0.719515859614487 0.913463272508143 0.766367220707164 0.670511902085339 0.474306506323845 0.920747850869821 0.894807542888360 0.908878020800005 0.815584791594574 0.951066452459920 0.270353015995141 0.995731577706275 0.978711685965191 0.990085115577591 0.983017785909723 0.973167986197207 0.947060731105857 
0.988842778397878 0.999151256020515 0.985381918375914 0.978935592804546 1.000000000000000 0.945592934664554 0.945816248694851 0.975507415355570 0.932595668313230 0.976333231572011 0.978431750370489 0.962530398303459 0.751692388016403 0.748761849766011 0.949600577194831 0.864751712045667 0.913002800526732 0.327226817665389 0.864316262207919 0.734310430038534 0.275343241042997 0.914263703221924 NaN NaN 0.938664050599686 0.604644012327084 0.934867204809497 0.719699913078386 0.698423887397837 0.356719139226239 0.925435036578274 0.914696761560982 0.917361206425040 0.832241034742099 0.972311970512862 0.192981128897178 0.981133973101579 0.957801964840827 0.970407688260775 0.964004007358442 0.952987885262154 0.947221779063459 
0.961970768233277 0.941081463286743 0.962427353134315 0.931397718171682 0.945592934664554 1.000000000000000 0.893885062020949 0.889988525449813 0.899545888771444 0.916959478575671 0.957941559645487 0.877023986580503 0.859755884276358 0.898297428173611 0.930492950512487 0.908124331925181 0.874068713179469 0.376991766429036 0.720672632188282 0.626342785869377 0.389065548166324 0.795153909781559 NaN NaN 0.794417280230787 0.603577451007429 0.858630479381269 0.630957766012080 0.765655175585203 0.314136244889031 0.967152324342063 0.935601313923488 0.867783759353852 0.811964488503338 0.865949708404899 0.429676394390430 0.941837797145165 0.970669623144598 0.956937434414161 0.975899286449831 0.976761551260446 0.992508672756969 
0.970175344159142 0.950577861622289 0.939505341056697 0.979471684647453 0.945816248694851 0.893885062020949 1.000000000000000 0.928891760644948 0.992585620998183 0.946989882120521 0.961714994396063 0.876685123637338 0.835169675378022 0.755059968424388 0.963368371809224 0.782490349178514 0.786794561135372 0.563798661892400 0.712605613424906 0.882822379256366 0.194707740504888 0.846482775037255 NaN NaN 0.895012064592504 0.813812002640798 0.896089844087006 0.722521733203417 0.617482288839102 0.603911134421569 0.846738463966363 0.902058007557896 0.877213888948082 0.872326473070640 0.915057619352394 0.184368928736876 0.981280925508258 0.962176900859415 0.978825206278517 0.960972843387497 0.947171202408740 0.902784527041779 
0.957301994550689 0.982615849022777 0.957024666209740 0.954275301196558 0.975507415355570 0.889988525449813 0.928891760644948 1.000000000000000 0.899793715181961 0.932435121300055 0.973343126750778 0.985815599859553 0.747556275654669 0.637874934018612 0.884781606740106 0.852368283218652 0.925782972774753 0.379091926166041 0.913591344030578 0.695665187740719 0.096208693811279 0.976854964000830 NaN NaN 0.952165028709412 0.542843631723081 0.987456234088576 0.607207942971480 0.525655462815500 0.288455335048664 0.873740330519014 0.925235698009254 0.958570237821864 0.872365648346811 0.995165776873500 0.095629015770948 0.942179311585074 0.900686470398764 0.923613190339834 0.918979148155738 0.892900713748871 0.879050823938555 
0.968517758025123 0.934025273966786 0.943101838771740 0.981324584099894 0.932595668313230 0.899545888771444 0.992585620998183 0.899793715181961 1.000000000000000 0.955004607692079 0.946355728655921 0.854708938198145 0.835827588939732 0.772756468413737 0.978718075079113 0.800861064490375 0.779805601182503 0.536901342025873 0.669660137800229 0.879229971436677 0.200094491517175 0.797702928112487 NaN NaN 0.870937766162469 0.838037328771388 0.858758546799073 0.765941117265728 0.655345567804403 0.622418189078348 0.865645813250381 0.873549652601039 0.856926724123469 0.822173153557859 0.888586844636599 0.275984899397647 0.982068651980142 0.974102337169569 0.984510259736288 0.970830689240167 0.963135258247738 0.919208958598119 
0.982047422967114 0.970850232835237 0.981348829192076 0.987772113313660 0.976333231572011 0.916959478575671 0.946989882120521 0.932435121300055 0.955004607692079 1.000000000000000 0.940292065638854 0.929021681124919 0.710968737983502 0.721714493906704 0.980382746050935 0.863587622948692 0.887031069443523 0.276002578878404 0.804320607764224 0.780352062409783 0.237353303004087 0.841815957072799 NaN NaN 0.921191065758924 0.673583079372138 0.871850831272786 0.837531766919328 0.737106785270171 0.438846907121972 0.927718507946280 0.836380905936907 0.865792103614562 0.733286849292424 0.941504086445809 0.282052480753587 0.987000577877721 0.965617237761414 0.976054007079081 0.965639689397208 0.963076862661422 0.944227163763409 
0.985257560743596 0.983323658462048 0.975965547162355 0.973580114204067 0.978431750370489 0.957941559645487 0.961714994396063 0.973343126750779 0.946355728655921 0.940292065638854 1.000000000000000 0.943435443492204 0.863117118600742 0.786658196826506 0.932931720682264 0.877756457986393 0.892382287475688 0.486427056075713 0.811203611934449 0.728819253147488 0.211228907133174 0.914612552619348 NaN NaN 0.899615279066956 0.649262244306964 0.958927401621147 0.613729873874050 0.615429205810437 0.380581137348066 0.917072801230801 0.971643685373830 0.947658893009165 0.907035309401091 0.953049987210818 0.234499895461294 0.971264146269413 0.962712805162267 0.971171563412582 0.974579640706784 0.957215781972379 0.945811458016579 
0.937922047997595 0.966181990882415 0.956016494537770 0.933922615816432 0.962530398303459 0.877023986580503 0.876685123637338 0.985815599859553 0.854708938198145 0.929021681124919 0.943435443492204 1.000000000000000 0.684186756301712 0.587948133373914 0.860741628747825 0.894550933593664 0.971805977860949 0.239196777904474 0.948297954022837 0.603732563629112 0.054444632765508 0.965319056646488 NaN NaN 0.936057347886550 0.441990192902161 0.969103557491491 0.618683414665265 0.529755061425310 0.166906661257093 0.898387389925291 0.879994752111673 0.944100360572226 0.789303107842208 0.991241067529634 0.160032712120769 0.915751670486329 0.874027802967820 0.893017965537970 0.896943624010441 0.874057316905285 0.872542883273665 
0.818034604622499 0.762140332507884 0.790620492348840 0.797008158654855 0.751692388016403 0.859755884276358 0.835169675378022 0.747556275654669 0.835827588939732 0.710968737983502 0.863117118600742 0.684186756301712 1.000000000000000 0.849094574891763 0.782364144639523 0.771471274275532 0.657212027932009 0.752195435499031 0.451353761202259 0.610387631742055 0.164920360454787 0.660710803363742 NaN NaN 0.586451726155697 0.714860956026925 0.774989747918147 0.346623430859036 0.458625049591667 0.443485557683667 0.782243096251015 0.914398348601750 0.779611157924067 0.869212864973971 0.689104993625391 0.442470797867403 0.798399227970792 0.850933989996731 0.833898303848087 0.861963264378806 0.849071351927807 0.829949956057814 
0.795192331121727 0.740153877640314 0.764489030735431 0.746065727152457 0.748761849766011 0.898297428173611 0.755059968424388 0.637874934018612 0.772756468413736 0.721714493906704 0.786658196826506 0.587948133373914 0.849094574891763 1.000000000000000 0.813647187005314 0.696883812927282 0.583878992639490 0.479112531755789 0.372098953704380 0.577835996184081 0.637286415438518 0.500240472286865 NaN NaN 0.517523820894877 0.668872569031827 0.598938187130147 0.517819039634812 0.818178816446435 0.446522917375298 0.807366641256374 0.811701651613138 0.609516142884566 0.710469211920788 0.589980068957123 0.503346217943042 0.786802967847004 0.863297387704474 0.828898395094211 0.846978778388623 0.866991282076594 0.885353005872809 
0.977369592711565 0.943539637134314 0.960278994257033 0.979178613957906 0.949600577194831 0.930492950512487 0.963368371809224 0.884781606740106 0.978718075079113 0.980382746050935 0.932931720682264 0.860741628747825 0.782364144639523 0.813647187005314 1.000000000000000 0.834432521009428 0.813022402734667 0.386146761268095 0.686969184073370 0.829593785245105 0.319223137450095 0.766417320252401 NaN NaN 0.854334261753170 0.781072567468691 0.821857899461811 0.838247134017467 0.782380407805566 0.556716652566172 0.917750511556900 0.844720904547412 0.814404002090628 0.749496664252991 0.881776584193296 0.351818638264375 0.989022475628668 0.988587271460374 0.990675711401390 0.979931122795798 0.984134643352014 0.957976330492783 
0.886707626527806 0.861038005281841 0.924701289847835 0.869524088496878 0.864751712045667 0.908124331925181 0.782490349178514 0.852368283218652 0.800861064490375 0.863587622948692 0.877756457986393 0.894550933593664 0.771471274275532 0.696883812927282 0.834432521009428 1.000000000000000 0.954808238819894 0.200386539715123 0.761478945617452 0.427284120620420 0.057539638230348 0.777769165300022 NaN NaN 0.725646664437810 0.416530875624793 0.841550511176773 0.568764780485396 0.586492545639307 0.070559847073054 0.972103062985604 0.832904692498826 0.847979034408623 0.651992289127864 0.846084483791015 0.576557303308334 0.849868969808670 0.871830717994741 0.854675478004727 0.896699256102504 0.892784627787839 0.911880788892279 
0.893828120296814 0.911914323071239 0.933891915731407 0.880030649927631 0.913002800526732 0.874068713179469 0.786794561135372 0.925782972774753 0.779805601182502 0.887031069443523 0.892382287475688 0.971805977860949 0.657212027932009 0.583878992639490 0.813022402734667 0.954808238819894 1.000000000000000 0.108479360267144 0.918753710625542 0.443951314483688 0.038081279293516 0.896381695713684 NaN NaN 0.843975901339126 0.320657771772798 0.911454359664446 0.577128082171224 0.543307100437708 0.004555423468632 0.933771142326945 0.832386638317280 0.898796222852268 0.683660927352045 0.933203796035079 0.332011817615004 0.857724299181315 0.837735705224603 0.841140291944319 0.866204130682008 0.851176477789245 0.871730077061148 
0.402409084253485 0.353701631254843 0.323870770300765 0.411429195973386 0.327226817665389 0.376991766429036 0.563798661892400 0.379091926166041 0.536901342025873 0.276002578878404 0.486427056075713 0.239196777904474 0.752195435499032 0.479112531755789 0.386146761268095 0.200386539715123 0.108479360267144 1.000000000000000 0.033741722979118 0.593482739834392 -0.026212796684452 0.346939723370115 NaN NaN 0.284515304881003 0.715236873693620 0.442997805456148 -0.005599837769201 -0.015381484708090 0.649023958759491 0.213871678161705 0.584468335070188 0.433813035121922 0.727523634583972 0.306864329397737 -0.014512619460607 0.414493326200421 0.438127286208336 0.448186669542680 0.438738635837804 0.407801943466058 0.333674430680771 
0.796216760959021 0.868856124746433 0.827653676600110 0.789799161388974 0.864316262207919 0.720672632188282 0.712605613424906 0.913591344030577 0.669660137800229 0.804320607764224 0.811203611934449 0.948297954022837 0.451353761202259 0.372098953704380 0.686969184073370 0.761478945617452 0.918753710625542 0.033741722979118 1.000000000000000 0.440822017789830 0.003771144289577 0.949059692834271 NaN NaN 0.899872227903461 0.188616798575951 0.900971672582589 0.500946835296983 0.400277928964453 -0.042813919817903 0.754103368932641 0.746101832782884 0.863139053090562 0.674376132821613 0.933881806335602 -0.058199929572567 0.767425314526383 0.693967664856474 0.726039693864865 0.723152185379635 0.692866303972807 0.707232286252162 
0.766967957987011 0.738239881795075 0.700052049861723 0.804113669807654 0.734310430038534 0.626342785869377 0.882822379256366 0.695665187740719 0.879229971436677 0.780352062409783 0.728819253147488 0.603732563629112 0.610387631742055 0.577835996184081 0.829593785245105 0.427284120620420 0.443951314483688 0.593482739834392 0.440822017789830 1.000000000000000 0.227657337547270 0.600796833976381 NaN NaN 0.757917324709727 0.926213782063806 0.634105953457870 0.757950614218176 0.533686557871012 0.877865946580401 0.545779207627530 0.635751675991165 0.609961350318020 0.693476279251815 0.692898864502100 -0.048260050751651 0.819737012915418 0.779444130622486 0.812093248029276 0.753666875240171 0.746345568897175 0.660751672153382 
0.255550322099675 0.252244916219395 0.214350183622393 0.187154629300926 0.275343241042997 0.389065548166324 0.194707740504888 0.096208693811279 0.200094491517175 0.237353303004087 0.211228907133174 0.054444632765508 0.164920360454787 0.637286415438518 0.319223137450095 0.057539638230348 0.038081279293516 -0.026212796684452 0.003771144289577 0.227657337547270 1.000000000000000 -0.004726676642355 NaN NaN 0.103814223470138 0.229761063500989 0.005158813510678 0.317926764357852 0.767998605994913 0.249294911203894 0.263912191667676 0.231243073276213 0.006087955814882 0.182018941524488 0.073324597721220 0.094909875006340 0.269381487642319 0.328573443325683 0.298710359300347 0.281098521874340 0.325750709593206 0.381647987332570 
0.874062026920919 0.926870599482801 0.878801618076758 0.870884550282226 0.914263703221924 0.795153909781559 0.846482775037255 0.976854964000830 0.797702928112487 0.841815957072799 0.914612552619348 0.965319056646488 0.660710803363742 0.500240472286865 0.766417320252401 0.777769165300022 0.896381695713684 0.346939723370115 0.949059692834271 0.600796833976381 -0.004726676642355 1.000000000000000 NaN NaN 0.934164271680772 0.402508922707846 0.985158708888367 0.468346614235829 0.370786273985400 0.164454086923345 0.775100099699104 0.884426531188733 0.946759829213859 0.862218179687305 0.973125170110932 -0.059185622208602 0.850854444100131 0.789371166190327 0.822639797190964 0.816950767234378 0.778776739929716 0.768886111330128 
NaN NaN NaN NaN NaN NaN NaN NaN NaN NaN NaN NaN NaN NaN NaN NaN NaN NaN NaN NaN NaN NaN NaN NaN NaN NaN NaN NaN NaN NaN NaN NaN NaN NaN NaN NaN NaN NaN NaN NaN NaN NaN 
NaN NaN NaN NaN NaN NaN NaN NaN NaN NaN NaN NaN NaN NaN NaN NaN NaN NaN NaN NaN NaN NaN NaN NaN NaN NaN NaN NaN NaN NaN NaN NaN NaN NaN NaN NaN NaN NaN NaN NaN NaN NaN 
0.904955180517305 0.942682719281136 0.905780536315514 0.922364398419075 0.938664050599686 0.794417280230787 0.895012064592504 0.952165028709412 0.870937766162469 0.921191065758924 0.899615279066955 0.936057347886550 0.586451726155697 0.517523820894877 0.854334261753170 0.725646664437810 0.843975901339126 0.284515304881003 0.899872227903461 0.757917324709727 0.103814223470138 0.934164271680772 NaN NaN 1.000000000000000 0.546926960317953 0.914869861620296 0.695477263104617 0.521580170111432 0.363480558896053 0.773777799478993 0.805360263113064 0.916602626301919 0.780065793523198 0.965866244635037 -0.062021075198203 0.908173303275809 0.841959943904939 0.879293879781963 0.853495419858471 0.827656242571587 0.803524807737735 
0.687698522019822 0.607059377251141 0.616324374017913 0.719515859614487 0.604644012327084 0.603577451007429 0.813812002640798 0.542843631723081 0.838037328771388 0.673583079372138 0.649262244306964 0.441990192902161 0.714860956026925 0.668872569031827 0.781072567468691 0.416530875624793 0.320657771772798 0.715236873693620 0.188616798575951 0.926213782063806 0.229761063500989 0.402508922707846 NaN NaN 0.546926960317953 1.000000000000000 0.494585572178891 0.666171736572423 0.517954096013876 0.931424519844275 0.520413197826151 0.589393368770515 0.493995593206543 0.622344486302727 0.519595599742819 0.218287495410210 0.738258405939328 0.751276400762414 0.758562188035987 0.721979507131163 0.726573814938561 0.639755707821443 
0.918404095426923 0.947313154083485 0.919832911473272 0.913463272508143 0.934867204809497 0.858630479381268 0.896089844087006 0.987456234088576 0.858758546799073 0.871850831272785 0.958927401621147 0.969103557491491 0.774989747918147 0.598938187130147 0.821857899461811 0.841550511176773 0.911454359664446 0.442997805456148 0.900971672582589 0.634105953457870 0.005158813510678 0.985158708888367 NaN NaN 0.914869861620296 0.494585572178891 1.000000000000000 0.482922872318785 0.409999651958629 0.227828212386063 0.835291328709638 0.938940348721507 0.970477552750091 0.901958318277175 0.973699478651855 0.075630074760421 0.894177008073199 0.854461441911669 0.877838555366399 0.881183456075755 0.846751950916302 0.833409741979165 
0.736167598099423 0.699545085734817 0.727355822009585 0.766367220707164 0.719699913078386 0.630957766012080 0.722521733203417 0.607207942971480 0.765941117265728 0.837531766919328 0.613729873874050 0.618683414665265 0.346623430859036 0.517819039634812 0.838247134017467 0.568764780485396 0.577128082171224 -0.005599837769201 0.500946835296983 0.757950614218176 0.317926764357852 0.468346614235829 NaN NaN 0.695477263104617 0.666171736572423 0.482922872318785 1.000000000000000 0.791470316267173 0.571858961868718 0.686183823924139 0.427739180474148 0.479789350199464 0.315630021292358 0.650361555825063 0.276966967561417 0.780822562157518 0.754378572943068 0.763516409687831 0.725078957368028 0.750814804498744 0.713248412490246 
0.706656842406666 0.671522632694278 0.696297854743518 0.670511902085339 0.698423887397837 0.765655175585203 0.617482288839102 0.525655462815500 0.655345567804403 0.737106785270171 0.615429205810437 0.529755061425310 0.458625049591667 0.818178816446435 0.782380407805566 0.586492545639307 0.543307100437708 -0.015381484708090 0.400277928964453 0.533686557871012 0.767998605994913 0.370786273985400 NaN NaN 0.521580170111432 0.517954096013876 0.409999651958629 0.791470316267173 1.000000000000000 0.377313783638135 0.749075999978505 0.531168682825990 0.418197094752885 0.373855804053790 0.530041686730607 0.435642660298810 0.720911863116958 0.763944202825560 0.736767911585755 0.729416504973443 0.772463040922298 0.802812534383159 
0.429754577909402 0.358947094771297 0.338265985076602 0.474306506323845 0.356719139226239 0.314136244889032 0.603911134421569 0.288455335048664 0.622418189078348 0.438846907121972 0.380581137348066 0.166906661257093 0.443485557683667 0.446522917375298 0.556716652566172 0.070559847073054 0.004555423468632 0.649023958759491 -0.042813919817903 0.877865946580401 0.249294911203894 0.164454086923345 NaN NaN 0.363480558896053 0.931424519844275 0.227828212386063 0.571858961868718 0.377313783638135 1.000000000000000 0.205568177729622 0.313346532030012 0.221112148306467 0.416761305534722 0.273837435628400 -0.022636325569277 0.503471020590958 0.498162751344755 0.517345509246112 0.454206423203615 0.461834321249336 0.358807988050861 
0.943342944662258 0.917127890910159 0.964761832109797 0.920747850869821 0.925435036578274 0.967152324342063 0.846738463966363 0.873740330519014 0.865645813250381 0.927718507946280 0.917072801230801 0.898387389925291 0.782243096251015 0.807366641256375 0.917750511556900 0.972103062985604 0.933771142326945 0.213871678161705 0.754103368932641 0.545779207627530 0.263912191667676 0.775100099699104 NaN NaN 0.773777799478993 0.520413197826151 0.835291328709638 0.686183823924139 0.749075999978505 0.205568177729622 1.000000000000000 0.860857384277867 0.838448498201984 0.688414073380554 0.867281875361810 0.537340002080035 0.919574296105280 0.943224347377754 0.926449591957595 0.953508517610660 0.958533876246200 0.976837306502052 
0.923058520841109 0.924622533131089 0.907051084114710 0.894807542888360 0.914696761560982 0.935601313923488 0.902058007557896 0.925235698009254 0.873549652601039 0.836380905936907 0.971643685373830 0.879994752111673 0.914398348601750 0.811701651613138 0.844720904547412 0.832904692498826 0.832386638317280 0.584468335070188 0.746101832782884 0.635751675991165 0.231243073276213 0.884426531188733 NaN NaN 0.805360263113064 0.589393368770515 0.938940348721507 0.427739180474148 0.531168682825990 0.313346532030012 0.860857384277867 1.000000000000000 0.921076847341179 0.956983765494125 0.884698426267232 0.216545735043749 0.896614174761349 0.904001035320706 0.906470907214437 0.920468762122640 0.898147594179288 0.897108629548022 
0.908046136854351 0.927414407597091 0.923505628968018 0.908878020800005 0.917361206425040 0.867783759353852 0.877213888948082 0.958570237821864 0.856926724123469 0.865792103614562 0.947658893009165 0.944100360572226 0.779611157924067 0.609516142884566 0.814404002090628 0.847979034408623 0.898796222852268 0.433813035121922 0.863139053090562 0.609961350318020 0.006087955814882 0.946759829213859 NaN NaN 0.916602626301919 0.493995593206543 0.970477552750091 0.479789350199464 0.418197094752884 0.221112148306467 0.838448498201984 0.921076847341179 1.000000000000000 0.871461026078521 0.943811410928093 0.136498537661397 0.882229789203716 0.857141246618635 0.875362072242805 0.887117502849956 0.854017042471888 0.848544798898190 
0.834318250814231 0.850579333981737 0.794256432686650 0.815584791594574 0.832241034742099 0.811964488503338 0.872326473070640 0.872365648346811 0.822173153557859 0.733286849292424 0.907035309401091 0.789303107842208 0.869212864973971 0.710469211920788 0.749496664252991 0.651992289127864 0.683660927352045 0.727523634583972 0.674376132821613 0.693476279251815 0.182018941524488 0.862218179687305 NaN NaN 0.780065793523198 0.622344486302727 0.901958318277176 0.315630021292358 0.373855804053790 0.416761305534722 0.688414073380554 0.956983765494124 0.871461026078521 1.000000000000000 0.824367032878830 -0.023775959954855 0.819038059509404 0.805298541262453 0.824390056498012 0.819193054510425 0.784528452958794 0.761209717077683 
0.948579300896381 0.977601734300432 0.953278598963248 0.951066452459920 0.972311970512863 0.865949708404899 0.915057619352394 0.995165776873500 0.888586844636599 0.941504086445809 0.953049987210818 0.991241067529634 0.689104993625391 0.589980068957123 0.881776584193295 0.846084483791015 0.933203796035079 0.306864329397737 0.933881806335602 0.692898864502100 0.073324597721220 0.973125170110932 NaN NaN 0.965866244635037 0.519595599742819 0.973699478651855 0.650361555825063 0.530041686730607 0.273837435628400 0.867281875361810 0.884698426267232 0.943811410928093 0.824367032878830 1.000000000000000 0.080997790658527 0.936597246394953 0.885934064647483 0.911975949788013 0.903588402031111 0.878797926433463 0.863672898051116 
0.292345168100834 0.173556217643319 0.336257628654377 0.270353015995141 0.192981128897178 0.429676394390430 0.184368928736876 0.095629015770948 0.275984899397647 0.282052480753587 0.234499895461294 0.160032712120769 0.442470797867403 0.503346217943042 0.351818638264375 0.576557303308334 0.332011817615004 -0.014512619460607 -0.058199929572567 -0.048260050751651 0.094909875006340 -0.059185622208602 NaN NaN -0.062021075198203 0.218287495410209 0.075630074760421 0.276966967561417 0.435642660298810 -0.022636325569277 0.537340002080035 0.216545735043749 0.136498537661397 -0.023775959954855 0.080997790658527 1.000000000000000 0.266352246933633 0.387576360822829 0.316592449864213 0.390217453757048 0.431344833982637 0.465360794343671 
0.995508551893148 0.979510341258699 0.980768054154165 0.995731577706275 0.981133973101579 0.941837797145165 0.981280925508258 0.942179311585074 0.982068651980142 0.987000577877721 0.971264146269413 0.915751670486329 0.798399227970792 0.786802967847004 0.989022475628668 0.849868969808670 0.857724299181315 0.414493326200421 0.767425314526383 0.819737012915418 0.269381487642319 0.850854444100131 NaN NaN 0.908173303275809 0.738258405939328 0.894177008073199 0.780822562157518 0.720911863116958 0.503471020590958 0.919574296105280 0.896614174761349 0.882229789203716 0.819038059509404 0.936597246394953 0.266352246933633 1.000000000000000 0.987239211593356 0.996462493163895 0.986135270400178 0.980406368967482 0.956509168883809 
0.987084395862771 0.953887456187693 0.973815773069170 0.978711685965191 0.957801964840827 0.970669623144598 0.962176900859415 0.900686470398764 0.974102337169569 0.965617237761414 0.962712805162267 0.874027802967820 0.850933989996730 0.863297387704474 0.988587271460374 0.871830717994741 0.837735705224603 0.438127286208336 0.693967664856474 0.779444130622486 0.328573443325683 0.789371166190327 NaN NaN 0.841959943904939 0.751276400762414 0.854461441911669 0.754378572943068 0.763944202825560 0.498162751344755 0.943224347377754 0.904001035320706 0.857141246618635 0.805298541262453 0.885934064647483 0.387576360822829 0.987239211593356 1.000000000000000 0.996392938784382 0.997405031108595 0.998350887807504 0.983435359788807 
0.993278261555289 0.968286872195809 0.977370912172965 0.990085115577591 0.970407688260775 0.956937434414161 0.978825206278518 0.923613190339834 0.984510259736288 0.976054007079081 0.971171563412582 0.893017965537970 0.833898303848087 0.828898395094211 0.990675711401390 0.854675478004727 0.841140291944319 0.448186669542680 0.726039693864865 0.812093248029276 0.298710359300347 0.822639797190964 NaN NaN 0.879293879781963 0.758562188035987 0.877838555366399 0.763516409687831 0.736767911585755 0.517345509246113 0.926449591957595 0.906470907214437 0.875362072242805 0.824390056498012 0.911975949788013 0.316592449864213 0.996462493163895 0.996392938784382 1.000000000000000 0.994401587702793 0.991075223568155 0.969782529293713 
0.991271620612936 0.961611940938133 0.983724394424505 0.983017785909723 0.964004007358442 0.975899286449831 0.960972843387497 0.918979148155738 0.970830689240167 0.965639689397208 0.974579640706784 0.896943624010441 0.861963264378806 0.846978778388623 0.979931122795797 0.896699256102503 0.866204130682008 0.438738635837804 0.723152185379635 0.753666875240171 0.281098521874340 0.816950767234378 NaN NaN 0.853495419858471 0.721979507131163 0.881183456075755 0.725078957368028 0.729416504973443 0.454206423203615 0.953508517610660 0.920468762122640 0.887117502849956 0.819193054510425 0.903588402031111 0.390217453757048 0.986135270400178 0.997405031108595 0.994401587702793 1.000000000000000 0.997228283010626 0.984794987569144 
0.983591293018677 0.947841103047436 0.976064488503012 0.973167986197207 0.952987885262155 0.976761551260446 0.947171202408739 0.892900713748871 0.963135258247737 0.963076862661422 0.957215781972379 0.874057316905286 0.849071351927807 0.866991282076594 0.984134643352014 0.892784627787839 0.851176477789245 0.407801943466058 0.692866303972807 0.746345568897175 0.325750709593206 0.778776739929716 NaN NaN 0.827656242571587 0.726573814938561 0.846751950916302 0.750814804498744 0.772463040922298 0.461834321249336 0.958533876246200 0.898147594179288 0.854017042471888 0.784528452958794 0.878797926433463 0.431344833982637 0.980406368967482 0.998350887807504 0.991075223568155 0.997228283010626 1.000000000000000 0.990440556387607 
0.969106943848797 0.939627401063853 0.971635789702807 0.947060731105857 0.947221779063459 0.992508672756969 0.902784527041779 0.879050823938555 0.919208958598119 0.944227163763409 0.945811458016579 0.872542883273665 0.829949956057814 0.885353005872809 0.957976330492783 0.911880788892278 0.871730077061148 0.333674430680771 0.707232286252162 0.660751672153382 0.381647987332570 0.768886111330128 NaN NaN 0.803524807737735 0.639755707821443 0.833409741979165 0.713248412490246 0.802812534383159 0.358807988050861 0.976837306502052 0.897108629548022 0.848544798898191 0.761209717077684 0.863672898051116 0.465360794343671 0.956509168883809 0.983435359788807 0.969782529293713 0.984794987569144 0.990440556387607 1.000000000000000 
