0.000522244797324 0.000554402552963 0.000460115154543 0.000483772413721 0.000397368599525 0.000269615952101 0.000614566594686 0.000541297214648 0.000537552370936 0.000487473560289 0.000426793126818 0.000287189022936 0.000462204401061 0.000529764414940 0.000515574760189 0.000281101797443 0.000700147976070 0.000570606546944 0.000562189914655 0.000728589530307 0.000609446632946 0.000413336928097 0.000216263478948 0.000414304842183 0.000301580095532 0.000523896583417 0.000466329181471 0.000500276718833 0.000378666072136 0.000242486526981 0.000526622418246 0.000587071783924 0.000571842951521 0.000494358718454 0.000454801372492 0.000289522271686 0.000351597288040 0.000340319897990 0.000329706526500 0.000310933036739 0.000277674092638 0.000151541401772 
0.000554402552963 0.000588621248578 0.000488310837631 0.000513463856150 0.000421720275118 0.000286093466363 0.000652762921062 0.000574604105179 0.000570885348586 0.000517463251365 0.000452794329384 0.000304735192033 0.000490488259794 0.000562411572793 0.000547040080592 0.000298533023453 0.000744079672466 0.000605556680383 0.000595604544485 0.000772540096832 0.000646928862003 0.000439703438880 0.000227483684160 0.000440733099385 0.000320177829624 0.000555642506428 0.000495019296790 0.000531984091098 0.000401403954938 0.000257971732506 0.000559470511600 0.000623428731194 0.000607294302822 0.000524796669773 0.000481563150540 0.000308015585961 0.000373224508003 0.000361119124012 0.000349838552188 0.000329835749431 0.000294434487993 0.000160662121110 
0.000460115154543 0.000488310837631 0.000405650015798 0.000426400969436 0.000350289329766 0.000237767340187 0.000540830633009 0.000476962072887 0.000473206396176 0.000429552253789 0.000376467711661 0.000253377790876 0.000407485209484 0.000466621805744 0.000454744481847 0.000247426109399 0.000615421628052 0.000502862892744 0.000497286061609 0.000643481961221 0.000536980697213 0.000362923439765 0.000194014694851 0.000363773293589 0.000265616427272 0.000462412019816 0.000410838050341 0.000439237225638 0.000334563686206 0.000212700557417 0.000463254589885 0.000516922788115 0.000503437966931 0.000435488023836 0.000402719849254 0.000253947325177 0.000309796255309 0.000300085762715 0.000290763784748 0.000274335931080 0.000245196072491 0.000133859637452 
0.000483772413721 0.000513463856150 0.000426400969436 0.000448258161332 0.000368235043258 0.000249910503306 0.000568856646980 0.000501458358873 0.000497671032050 0.000451605535024 0.000395679755897 0.000266246798210 0.000428355902372 0.000490677124382 0.000477945125590 0.000260235659531 0.000647563386431 0.000528726366180 0.000522203276246 0.000676027756901 0.000564589500262 0.000381905411607 0.000202834175562 0.000382799717636 0.000279314757742 0.000485911237103 0.000431983810607 0.000462335489280 0.000351455936611 0.000223954622477 0.000487317787581 0.000543590875660 0.000529439875248 0.000457918939199 0.000422765881018 0.000267388846809 0.000325719058465 0.000315433290502 0.000305620492877 0.000288313767380 0.000257619832861 0.000140627956645 
0.000397368599525 0.000421720275118 0.000350289329766 0.000368235043258 0.000302520822713 0.000205325505216 0.000467105581388 0.000411898741421 0.000408680036427 0.000370949003541 0.000325145215074 0.000218709375152 0.000351942106055 0.000403056715857 0.000392698485940 0.000213711731360 0.000531552142185 0.000434445295144 0.000429502907047 0.000555690417793 0.000463786733247 0.000313161581697 0.000167583693742 0.000313894909019 0.000229430526746 0.000399368787439 0.000354862170856 0.000379350068303 0.000288959678736 0.000183704737989 0.000400092125277 0.000446392243933 0.000434759272701 0.000376158333288 0.000347852041356 0.000219332309779 0.000267558896638 0.000259171048520 0.000251114875953 0.000236937021652 0.000211766874359 0.000115610438640 
0.000269615952101 0.000286093466363 0.000237767340187 0.000249910503306 0.000205325505216 0.000139390837403 0.000316723673960 0.000279497018154 0.000277159601083 0.000251716569722 0.000220758530943 0.000148524876102 0.000238879477482 0.000273428679621 0.000266617912181 0.000144923804354 0.000360180509490 0.000294801256735 0.000292069178799 0.000377560964269 0.000314689543050 0.000212101020726 0.000114852794546 0.000212597693320 0.000155637044633 0.000271249349151 0.000240765137680 0.000256885627785 0.000196370477618 0.000124333139402 0.000271225484261 0.000302781257505 0.000294864454933 0.000255198940746 0.000236682102193 0.000148442072883 0.000181547537485 0.000175930962217 0.000170474922589 0.000160891212844 0.000143867292405 0.000078556002302 
0.000614566594686 0.000652762921062 0.000540830633009 0.000568856646980 0.000467105581388 0.000316723673960 0.000724773618977 0.000636869412758 0.000633600413678 0.000573514538612 0.000501032866505 0.000337280813791 0.000543156644268 0.000623575671820 0.000605465558833 0.000331346108748 0.000827536679894 0.000670770333052 0.000656338290752 0.000853373196885 0.000717009669950 0.000490228108011 0.000245350719895 0.000491376095398 0.000355037688668 0.000614277055580 0.000548691960526 0.000592666075713 0.000443090265588 0.000287780091855 0.000621564831233 0.000691735764813 0.000673963648091 0.000581777228649 0.000529802202188 0.000343623174514 0.000413659373936 0.000399803625482 0.000387250738894 0.000364844448241 0.000325290970842 0.000177413963609 
0.000541297214648 0.000574604105179 0.000476962072887 0.000501458358873 0.000411898741421 0.000279497018154 0.000636869412758 0.000561061657744 0.000557092802637 0.000505277993550 0.000442435654226 0.000297765508118 0.000479104307319 0.000549048019433 0.000534482145492 0.000291307236646 0.000725423375012 0.000591395452295 0.000583032435299 0.000755455253502 0.000631675450515 0.000428289283345 0.000224748495463 0.000429292210220 0.000312555371766 0.000543149978374 0.000483322699532 0.000518259140697 0.000392637933314 0.000251166505281 0.000545705943443 0.000608448035724 0.000592647632816 0.000512364449908 0.000471727967028 0.000299882762879 0.000364425635634 0.000352776468003 0.000341782683926 0.000322340604310 0.000287897871559 0.000157128307450 
0.000537552370936 0.000570885348586 0.000473206396176 0.000497671032050 0.000408680036427 0.000277159601083 0.000633600413678 0.000557092802637 0.000553978666365 0.000501682679247 0.000438500801532 0.000295202847609 0.000475244726136 0.000545372726204 0.000529873819197 0.000289694432084 0.000723032363972 0.000586807699512 0.000575208036431 0.000747314397570 0.000627182687631 0.000428068579381 0.000216569284125 0.000429071001551 0.000310501630113 0.000537775338033 0.000479930300398 0.000517538614821 0.000388100197977 0.000251189071015 0.000543270357221 0.000604874170703 0.000589292295635 0.000508844919478 0.000464557060959 0.000299925779782 0.000361838170876 0.000349845608310 0.000338881444030 0.000319347255182 0.000284841551761 0.000155377367603 
0.000487473560289 0.000517463251365 0.000429552253789 0.000451605535024 0.000370949003541 0.000251716569722 0.000573514538612 0.000505277993550 0.000501682679247 0.000455042357018 0.000398456722819 0.000268188256010 0.000431470957162 0.000494438718934 0.000481360195578 0.000262328166796 0.000653228247630 0.000532571508023 0.000525129046052 0.000680402447012 0.000568861215112 0.000385696367686 0.000202528756050 0.000386599554249 0.000281467747917 0.000489171543175 0.000435255498540 0.000466666552602 0.000353628907670 0.000226154651959 0.000491414806305 0.000547941234730 0.000533707405454 0.000461406610257 0.000424890942398 0.000270018624572 0.000328188647150 0.000317706606299 0.000307807904087 0.000290301825836 0.000259290686462 0.000141516660230 
0.000426793126818 0.000452794329384 0.000376467711661 0.000395679755897 0.000325145215074 0.000220758530943 0.000501032866505 0.000442435654226 0.000438500801532 0.000398456722819 0.000349762504513 0.000235111426413 0.000378353190388 0.000432885630407 0.000422299367109 0.000229317110293 0.000569376409547 0.000467046698167 0.000463618383344 0.000598562116386 0.000498232426609 0.000334473244661 0.000184007452567 0.000335256470208 0.000246384595660 0.000429929639198 0.000381210781581 0.000405724147659 0.000311471712213 0.000196255807618 0.000428921179627 0.000479032985246 0.000466483568654 0.000404045888109 0.000376007668421 0.000234310868678 0.000287419493284 0.000278664708474 0.000270035427089 0.000254952388694 0.000228096519628 0.000124575803204 
0.000287189022936 0.000304735192033 0.000253377790876 0.000266246798210 0.000218709375152 0.000148524876102 0.000337280813791 0.000297765508118 0.000295202847609 0.000268188256010 0.000235111426413 0.000158510704545 0.000254385966813 0.000291069292102 0.000284087688795 0.000154293952504 0.000383483295208 0.000313606414430 0.000311057892563 0.000402300040748 0.000335110538526 0.000226602851768 0.000122332608197 0.000227133482124 0.000165684504129 0.000288901408534 0.000256325776877 0.000273569007107 0.000209132652586 0.000132392443566 0.000288858455668 0.000322606610403 0.000314139012230 0.000271679399462 0.000252011700937 0.000158054410393 0.000193354996788 0.000187380633170 0.000181583664166 0.000171352141976 0.000153232372619 0.000083668425893 
0.000462204401061 0.000490488259794 0.000407485209484 0.000428355902372 0.000351942106055 0.000238879477482 0.000543156644268 0.000479104307319 0.000475244726136 0.000431470957162 0.000378353190388 0.000254385966813 0.000409475879546 0.000468854849612 0.000456896069838 0.000248537428504 0.000617896525817 0.000505537169617 0.000500227563729 0.000646804340605 0.000539507130989 0.000363596280819 0.000196032079637 0.000364447708811 0.000266876236272 0.000464808523223 0.000412810536458 0.000440786974640 0.000336421630751 0.000213398878969 0.000465162820789 0.000519093629218 0.000505554929110 0.000437575493038 0.000405288567670 0.000254785567970 0.000311233317251 0.000301544979489 0.000292177628481 0.000275731220163 0.000246500248568 0.000134586655324 
0.000529764414940 0.000562411572793 0.000466621805744 0.000490677124382 0.000403056715857 0.000273428679621 0.000623575671820 0.000549048019433 0.000545372726204 0.000494438718934 0.000432885630407 0.000291069292102 0.000468854849612 0.000537527922895 0.000522854242655 0.000285237100182 0.000710581082524 0.000579060744375 0.000569982052091 0.000738732397932 0.000618272928322 0.000419064297943 0.000218795138053 0.000420045625542 0.000305998680105 0.000531315771953 0.000473130345567 0.000507774966395 0.000383982535247 0.000246164498068 0.000534354688495 0.000595518627605 0.000580104167197 0.000501584439437 0.000461070772425 0.000293921781628 0.000356671502325 0.000345188485967 0.000334408064786 0.000315360164354 0.000281586199079 0.000153669935914 
0.000515574760189 0.000547040080592 0.000454744481847 0.000477945125590 0.000392698485940 0.000266617912181 0.000605465558833 0.000534482145492 0.000529873819197 0.000481360195578 0.000422299367109 0.000284087688795 0.000456896069838 0.000522854242655 0.000509993650155 0.000277066177812 0.000688314032136 0.000563843181276 0.000559166797212 0.000722488348978 0.000601793008400 0.000405082338655 0.000220769613108 0.000406030909577 0.000297604414428 0.000518978313313 0.000460420135584 0.000490740757559 0.000375826453892 0.000237455947739 0.000518424203352 0.000578880915172 0.000563725026467 0.000488009684736 0.000453275255427 0.000283497804739 0.000347178189373 0.000336510459942 0.000326084320944 0.000307798110593 0.000275295174643 0.000150333997018 
0.000281101797443 0.000298533023453 0.000247426109399 0.000260235659531 0.000213711731360 0.000144923804354 0.000331346108748 0.000291307236646 0.000289694432084 0.000262328166796 0.000229317110293 0.000154293952504 0.000248537428504 0.000285237100182 0.000277066177812 0.000151507570233 0.000378129524974 0.000306965270300 0.000300818840865 0.000390769595952 0.000327995515360 0.000223666556412 0.000113275668788 0.000224190323881 0.000162394669686 0.000281231206681 0.000251003446627 0.000270641083121 0.000202964853877 0.000131359153513 0.000284098603429 0.000316280888316 0.000308141173297 0.000266128833482 0.000242969185273 0.000156848406297 0.000189222470760 0.000182950610203 0.000177213542210 0.000167005277739 0.000148958807546 0.000081255701595 
0.000700147976070 0.000744079672466 0.000615421628052 0.000647563386431 0.000531552142185 0.000360180509490 0.000827536679894 0.000725423375012 0.000723032363972 0.000653228247630 0.000569376409547 0.000383483295208 0.000617896525817 0.000710581082524 0.000688314032136 0.000378129524974 0.000947019894160 0.000763301152168 0.000741562138061 0.000967491122116 0.000816641886079 0.000563071134551 0.000268740570198 0.000564389720848 0.000404638567488 0.000697183192037 0.000624998334429 0.000679847677193 0.000501823753124 0.000330710484949 0.000710292369332 0.000789112598676 0.000769037345437 0.000662807336827 0.000597207335238 0.000394908353359 0.000471151308717 0.000454677822034 0.000440303853282 0.000414404804427 0.000368855625792 0.000201038507131 
0.000570606546944 0.000605556680383 0.000502862892744 0.000528726366180 0.000434445295144 0.000294801256735 0.000670770333052 0.000591395452295 0.000586807699512 0.000532571508023 0.000467046698167 0.000313606414430 0.000505537169617 0.000579060744375 0.000563843181276 0.000306965270300 0.000763301152168 0.000624575868070 0.000617224728006 0.000798039378939 0.000666141896322 0.000448282482705 0.000241345081022 0.000449332221473 0.000329602183058 0.000573692842579 0.000509792137619 0.000544532823687 0.000415186352240 0.000263683105694 0.000574452052417 0.000640786573524 0.000624128175804 0.000540399565604 0.000500070414650 0.000314836000356 0.000384253657052 0.000372239548184 0.000360651754498 0.000340354812095 0.000304220134126 0.000166094300682 
0.000562189914655 0.000595604544485 0.000497286061609 0.000522203276246 0.000429502907047 0.000292069178799 0.000656338290752 0.000583032435299 0.000575208036431 0.000525129046052 0.000463618383344 0.000311057892563 0.000500227563729 0.000569982052091 0.000559166797212 0.000300818840865 0.000741562138061 0.000617224728006 0.000623160230837 0.000797875285380 0.000656779158533 0.000430961705674 0.000264087355605 0.000431970836039 0.000324283420634 0.000571644030803 0.000502430469970 0.000525108765058 0.000416284595363 0.000252792432562 0.000560646804285 0.000628835316979 0.000611979682091 0.000532287846608 0.000508183653545 0.000301766422907 0.000378842130027 0.000368691004985 0.000357462447960 0.000338358552624 0.000303956755594 0.000166278433490 
0.000728589530307 0.000772540096832 0.000643481961221 0.000676027756901 0.000555690417793 0.000377560964269 0.000853373196885 0.000755455253502 0.000747314397570 0.000680402447012 0.000598562116386 0.000402300040748 0.000646804340605 0.000738732397932 0.000722488348978 0.000390769595952 0.000967491122116 0.000798039378939 0.000797875285380 0.001026801884619 0.000850729331813 0.000566516542238 0.000325364208357 0.000567843115359 0.000420399123416 0.000736680678813 0.000650821709707 0.000687743973814 0.000534802411169 0.000332034150192 0.000729936587200 0.000816715391660 0.000795097235089 0.000689673239153 0.000648497331278 0.000396387305032 0.000490766809290 0.000476543062036 0.000461894560387 0.000436524256964 0.000391192866122 0.000213791139078 
0.000609446632946 0.000646928862003 0.000536980697213 0.000564589500262 0.000463786733247 0.000314689543050 0.000717009669950 0.000631675450515 0.000627182687631 0.000568861215112 0.000498232426609 0.000335110538526 0.000539507130989 0.000618272928322 0.000601793008400 0.000327995515360 0.000816641886079 0.000666141896322 0.000656779158533 0.000850729331813 0.000711268228092 0.000481572693835 0.000253596426760 0.000482700394244 0.000351955849695 0.000611683191993 0.000544257269067 0.000583307297197 0.000442244288621 0.000282669719426 0.000614326837958 0.000684944125770 0.000667166530237 0.000576961990675 0.000531500884459 0.000337500905471 0.000410327840387 0.000397242105686 0.000384859131325 0.000363002111752 0.000324239630089 0.000176970428066 
0.000413336928097 0.000439703438880 0.000362923439765 0.000381905411607 0.000313161581697 0.000212101020726 0.000490228108011 0.000428289283345 0.000428068579381 0.000385696367686 0.000334473244661 0.000226602851768 0.000363596280819 0.000419064297943 0.000405082338655 0.000223666556412 0.000563071134551 0.000448282482705 0.000430961705674 0.000566516542238 0.000481572693835 0.000339651778310 0.000147004883483 0.000340447184139 0.000238725414266 0.000408650373290 0.000368413814122 0.000406165940090 0.000292926231075 0.000198166991486 0.000421515918032 0.000467297746648 0.000455513272627 0.000390789085334 0.000345360578919 0.000236628339723 0.000277939719774 0.000267500054139 0.000258985375722 0.000243215028222 0.000215845254000 0.000117491625664 
0.000216263478948 0.000227483684160 0.000194014694851 0.000202834175562 0.000167583693742 0.000114852794546 0.000245350719895 0.000224748495463 0.000216569284125 0.000202528756050 0.000184007452567 0.000122332608197 0.000196032079637 0.000218795138053 0.000220769613108 0.000113275668788 0.000268740570198 0.000241345081022 0.000264087355605 0.000325364208357 0.000253596426760 0.000147004883483 0.000144036303300 0.000147349028446 0.000124222456709 0.000230307896009 0.000193822528643 0.000183753108135 0.000171870249469 0.000086047742517 0.000207167633055 0.000237667409026 0.000230545870780 0.000204872806194 0.000220692372119 0.000102629765430 0.000146203185743 0.000144999544359 0.000140951395703 0.000135095593233 0.000123767224597 0.000068230741420 
0.000414304842183 0.000440733099385 0.000363773293589 0.000382799717636 0.000313894909019 0.000212597693320 0.000491376095398 0.000429292210220 0.000429071001551 0.000386599554249 0.000335256470208 0.000227133482124 0.000364447708811 0.000420045625542 0.000406030909577 0.000224190323881 0.000564389720848 0.000449332221473 0.000431970836039 0.000567843115359 0.000482700394244 0.000340447184139 0.000147349028446 0.000341244452672 0.000239284440834 0.000409607289035 0.000369276530621 0.000407117103920 0.000293612151742 0.000198631066429 0.000422503004594 0.000468392030584 0.000456579962357 0.000391704199239 0.000346169254756 0.000237182485131 0.000278590572242 0.000268126453735 0.000259591835762 0.000243784555375 0.000216350684732 0.000117766746887 
0.000301580095532 0.000320177829624 0.000265616427272 0.000279314757742 0.000229430526746 0.000155637044633 0.000355037688668 0.000312555371766 0.000310501630113 0.000281467747917 0.000246384595660 0.000165684504129 0.000266876236272 0.000305998680105 0.000297604414428 0.000162394669686 0.000404638567488 0.000329602183058 0.000324283420634 0.000420399123416 0.000351955849695 0.000238725414266 0.000124222456709 0.000239284440834 0.000174198133536 0.000302381296593 0.000269332272616 0.000289203025655 0.000218498005779 0.000140220850703 0.000304258437085 0.000339047483415 0.000330276553428 0.000285533259421 0.000262275508573 0.000167424894301 0.000203038814786 0.000196480977667 0.000190342240558 0.000179486558120 0.000160245458005 0.000087446502575 
0.000523896583417 0.000555642506428 0.000462412019816 0.000485911237103 0.000399368787439 0.000271249349151 0.000614277055580 0.000543149978374 0.000537775338033 0.000489171543175 0.000429929639198 0.000288901408534 0.000464808523223 0.000531315771953 0.000518978313313 0.000281231206681 0.000697183192037 0.000573692842579 0.000571644030803 0.000736680678813 0.000611683191993 0.000408650373290 0.000230307896009 0.000409607289035 0.000302381296593 0.000528832650997 0.000467992720005 0.000496123762005 0.000383561332503 0.000239735012598 0.000525617651909 0.000587585029492 0.000572111690801 0.000495976507308 0.000464184482247 0.000286211334934 0.000352860425559 0.000342396538791 0.000331833155877 0.000313473086810 0.000280706926672 0.000153364540519 
0.000466329181471 0.000495019296790 0.000410838050341 0.000431983810607 0.000354862170856 0.000240765137680 0.000548691960526 0.000483322699532 0.000479930300398 0.000435255498540 0.000381210781581 0.000256325776877 0.000412810536458 0.000473130345567 0.000460420135584 0.000251003446627 0.000624998334429 0.000509792137619 0.000502430469970 0.000650821709707 0.000544257269067 0.000368413814122 0.000193822528643 0.000369276530621 0.000269332272616 0.000467992720005 0.000416478385924 0.000446438957637 0.000338338843817 0.000216359772373 0.000470119228719 0.000524097097507 0.000510506269023 0.000441510507549 0.000406579376033 0.000258331279357 0.000313973696860 0.000303944656401 0.000294464512486 0.000277738150462 0.000248064901226 0.000135391659938 
0.000500276718833 0.000531984091098 0.000439237225638 0.000462335489280 0.000379350068303 0.000256885627785 0.000592666075713 0.000518259140697 0.000517538614821 0.000466666552602 0.000405724147659 0.000273569007107 0.000440786974640 0.000507774966395 0.000490740757559 0.000270641083121 0.000679847677193 0.000544532823687 0.000525108765058 0.000687743973814 0.000583307297197 0.000406165940090 0.000183753108135 0.000407117103920 0.000289203025655 0.000496123762005 0.000446438957637 0.000489310125031 0.000356272809545 0.000238471976152 0.000509169637285 0.000564692896224 0.000550463622609 0.000473533941383 0.000421787601127 0.000284778202327 0.000336553524529 0.000324258688447 0.000313939052164 0.000295136508038 0.000262222692395 0.000142814896788 
0.000378666072136 0.000401403954938 0.000334563686206 0.000351455936611 0.000288959678736 0.000196370477618 0.000443090265588 0.000392637933314 0.000388100197977 0.000353628907670 0.000311471712213 0.000209132652586 0.000336421630751 0.000383982535247 0.000375826453892 0.000202964853877 0.000501823753124 0.000415186352240 0.000416284595363 0.000534802411169 0.000442244288621 0.000292926231075 0.000171870249469 0.000293612151742 0.000218498005779 0.000383561332503 0.000338338843817 0.000356272809545 0.000278730575211 0.000171854821163 0.000378830499032 0.000424153501621 0.000412890923599 0.000358511286961 0.000338723998698 0.000205161196586 0.000255104952155 0.000247885210840 0.000240283595114 0.000227205022448 0.000203763694783 0.000111393993223 
0.000242486526981 0.000257971732506 0.000212700557417 0.000223954622477 0.000183704737989 0.000124333139402 0.000287780091855 0.000251166505281 0.000251189071015 0.000226154651959 0.000196255807618 0.000132392443566 0.000213398878969 0.000246164498068 0.000237455947739 0.000131359153513 0.000330710484949 0.000263683105694 0.000252792432562 0.000332034150192 0.000282669719426 0.000198166991486 0.000086047742517 0.000198631066429 0.000140220850703 0.000239735012598 0.000216359772373 0.000238471976152 0.000171854821163 0.000116387314316 0.000247404192123 0.000274005192954 0.000267155532831 0.000229525000211 0.000202655663153 0.000138993748144 0.000163097148558 0.000156945203038 0.000151923090742 0.000142704558284 0.000126614786204 0.000068920085021 
0.000526622418246 0.000559470511600 0.000463254589885 0.000487317787581 0.000400092125277 0.000271225484261 0.000621564831233 0.000545705943443 0.000543270357221 0.000491414806305 0.000428921179627 0.000288858455668 0.000465162820789 0.000534354688495 0.000518424203352 0.000284098603429 0.000710292369332 0.000574452052417 0.000560646804285 0.000729936587200 0.000614326837958 0.000421515918032 0.000207167633055 0.000422503004594 0.000304258437085 0.000525617651909 0.000470119228719 0.000509169637285 0.000378830499032 0.000247404192123 0.000533229394270 0.000593065853808 0.000577878966334 0.000498499051556 0.000452151787335 0.000295417405034 0.000354427893142 0.000342360321890 0.000331585841681 0.000312275062225 0.000278245357986 0.000151716333027 
0.000587071783924 0.000623428731194 0.000516922788115 0.000543590875660 0.000446392243933 0.000302781257505 0.000691735764813 0.000608448035724 0.000604874170703 0.000547941234730 0.000479032985246 0.000322606610403 0.000519093629218 0.000595518627605 0.000578880915172 0.000316280888316 0.000789112598676 0.000640786573524 0.000628835316979 0.000816715391660 0.000684944125770 0.000467297746648 0.000237667409026 0.000468392030584 0.000339047483415 0.000587585029492 0.000524097097507 0.000564692896224 0.000424153501621 0.000274005192954 0.000593065853808 0.000660521258483 0.000643471069213 0.000555654127298 0.000507991714098 0.000327162114157 0.000395172057403 0.000382151676412 0.000370191440864 0.000348887820765 0.000311261259319 0.000169802933037 
0.000571842951521 0.000607294302822 0.000503437966931 0.000529439875248 0.000434759272701 0.000294864454933 0.000673963648091 0.000592647632816 0.000589292295635 0.000533707405454 0.000466483568654 0.000314139012230 0.000505554929110 0.000580104167197 0.000563725026467 0.000308141173297 0.000769037345437 0.000624128175804 0.000611979682091 0.000795097235089 0.000667166530237 0.000455513272627 0.000230545870780 0.000456579962357 0.000330276553428 0.000572111690801 0.000510506269023 0.000550463622609 0.000412890923599 0.000267155532831 0.000577878966334 0.000643471069213 0.000626881961107 0.000541257174679 0.000494258223628 0.000318986776001 0.000384913802848 0.000372169210296 0.000360511245550 0.000339729522181 0.000303034297754 0.000165302959802 
0.000494358718454 0.000524796669773 0.000435488023836 0.000457918939199 0.000376158333288 0.000255198940746 0.000581777228649 0.000512364449908 0.000508844919478 0.000461406610257 0.000404045888109 0.000271679399462 0.000437575493038 0.000501584439437 0.000488009684736 0.000266128833482 0.000662807336827 0.000540399565604 0.000532287846608 0.000689673239153 0.000576961990675 0.000390789085334 0.000204872806194 0.000391704199239 0.000285533259421 0.000495976507308 0.000441510507549 0.000473533941383 0.000358511286961 0.000229525000211 0.000498499051556 0.000555654127298 0.000541257174679 0.000468054444594 0.000430666148762 0.000274052120315 0.000332840286028 0.000322169823778 0.000312115279737 0.000294363616853 0.000262879172372 0.000143469687075 
0.000454801372492 0.000481563150540 0.000402719849254 0.000422765881018 0.000347852041356 0.000236682102193 0.000529802202188 0.000471727967028 0.000464557060959 0.000424890942398 0.000376007668421 0.000252011700937 0.000405288567670 0.000461070772425 0.000453275255427 0.000242969185273 0.000597207335238 0.000500070414650 0.000508183653545 0.000648497331278 0.000531500884459 0.000345360578919 0.000220692372119 0.000346169254756 0.000262275508573 0.000464184482247 0.000406579376033 0.000421787601127 0.000338723998698 0.000202655663153 0.000452151787335 0.000507991714098 0.000494258223628 0.000430666148762 0.000415319926631 0.000241904224814 0.000306560480146 0.000298795030783 0.000289752885965 0.000274551649788 0.000247034368723 0.000135226607060 
0.000289522271686 0.000308015585961 0.000253947325177 0.000267388846809 0.000219332309779 0.000148442072883 0.000343623174514 0.000299882762879 0.000299925779782 0.000270018624572 0.000234310868678 0.000158054410393 0.000254785567970 0.000293921781628 0.000283497804739 0.000156848406297 0.000394908353359 0.000314836000356 0.000301766422907 0.000396387305032 0.000337500905471 0.000236628339723 0.000102629765430 0.000237182485131 0.000167424894301 0.000286211334934 0.000258331279357 0.000284778202327 0.000205161196586 0.000138993748144 0.000295417405034 0.000327162114157 0.000318986776001 0.000274052120315 0.000241904224814 0.000165991714607 0.000194733293570 0.000187380778343 0.000181383255305 0.000170373627116 0.000151157457040 0.000082278020613 
0.000351597288040 0.000373224508003 0.000309796255309 0.000325719058465 0.000267558896638 0.000181547537485 0.000413659373936 0.000364425635634 0.000361838170876 0.000328188647150 0.000287419493284 0.000193354996788 0.000311233317251 0.000356671502325 0.000347178189373 0.000189222470760 0.000471151308717 0.000384253657052 0.000378842130027 0.000490766809290 0.000410327840387 0.000277939719774 0.000146203185743 0.000278590572242 0.000203038814786 0.000352860425559 0.000313973696860 0.000336553524529 0.000255104952155 0.000163097148558 0.000354427893142 0.000395172057403 0.000384913802848 0.000332840286028 0.000306560480146 0.000194733293570 0.000236719444028 0.000229164680557 0.000222021687957 0.000209406202282 0.000187040632838 0.000102085660650 
0.000340319897990 0.000361119124012 0.000300085762715 0.000315433290502 0.000259171048520 0.000175930962217 0.000399803625482 0.000352776468003 0.000349845608310 0.000317706606299 0.000278664708474 0.000187380633170 0.000301544979489 0.000345188485967 0.000336510459942 0.000182950610203 0.000454677822034 0.000372239548184 0.000368691004985 0.000476543062036 0.000397242105686 0.000267500054139 0.000144999544359 0.000268126453735 0.000196480977667 0.000342396538791 0.000303944656401 0.000324258688447 0.000247885210840 0.000156945203038 0.000342360321890 0.000382151676412 0.000372169210296 0.000322169823778 0.000298795030783 0.000187380778343 0.000229164680557 0.000222074288304 0.000215183056858 0.000203094238079 0.000181602863146 0.000099161491866 
0.000329706526500 0.000349838552188 0.000290763784748 0.000305620492877 0.000251114875953 0.000170474922589 0.000387250738894 0.000341782683926 0.000338881444030 0.000307807904087 0.000270035427089 0.000181583664166 0.000292177628481 0.000334408064786 0.000326084320944 0.000177213542210 0.000440303853282 0.000360651754498 0.000357462447960 0.000461894560387 0.000384859131325 0.000258985375722 0.000140951395703 0.000259591835762 0.000190342240558 0.000331833155877 0.000294464512486 0.000313939052164 0.000240283595114 0.000151923090742 0.000331585841681 0.000370191440864 0.000360511245550 0.000312115279737 0.000289752885965 0.000181383255305 0.000222021687957 0.000215183056858 0.000208510581371 0.000196814169019 0.000176015079937 0.000096116236134 
0.000310933036739 0.000329835749431 0.000274335931080 0.000288313767380 0.000236937021652 0.000160891212844 0.000364844448241 0.000322340604310 0.000319347255182 0.000290301825836 0.000254952388694 0.000171352141976 0.000275731220163 0.000315360164354 0.000307798110593 0.000167005277739 0.000414404804427 0.000340354812095 0.000338358552624 0.000436524256964 0.000363002111752 0.000243215028222 0.000135095593233 0.000243784555375 0.000179486558120 0.000313473086810 0.000277738150462 0.000295136508038 0.000227205022448 0.000142704558284 0.000312275062225 0.000348887820765 0.000339729522181 0.000294363616853 0.000274551649788 0.000170373627116 0.000209406202282 0.000203094238079 0.000196814169019 0.000185862248925 0.000166343539725 0.000090862168844 
0.000277674092638 0.000294434487993 0.000245196072491 0.000257619832861 0.000211766874359 0.000143867292405 0.000325290970842 0.000287897871559 0.000284841551761 0.000259290686462 0.000228096519628 0.000153232372619 0.000246500248568 0.000281586199079 0.000275295174643 0.000148958807546 0.000368855625792 0.000304220134126 0.000303956755594 0.000391192866122 0.000324239630089 0.000215845254000 0.000123767224597 0.000216350684732 0.000160245458005 0.000280706926672 0.000248064901226 0.000262222692395 0.000203763694783 0.000126614786204 0.000278245357986 0.000311261259319 0.000303034297754 0.000262879172372 0.000247034368723 0.000151157457040 0.000187040632838 0.000181602863146 0.000176015079937 0.000166343539725 0.000149053350510 0.000081456645305 
0.000151541401772 0.000160662121110 0.000133859637452 0.000140627956645 0.000115610438640 0.000078556002302 0.000177413963609 0.000157128307450 0.000155377367603 0.000141516660230 0.000124575803204 0.000083668425893 0.000134586655324 0.000153669935914 0.000150333997018 0.000081255701595 0.000201038507131 0.000166094300682 0.000166278433490 0.000213791139078 0.000176970428066 0.000117491625664 0.000068230741420 0.000117766746887 0.000087446502575 0.000153364540519 0.000135391659938 0.000142814896788 0.000111393993223 0.000068920085021 0.000151716333027 0.000169802933037 0.000165302959802 0.000143469687075 0.000135226607060 0.000082278020613 0.000102085660650 0.000099161491866 0.000096116236134 0.000090862168844 0.000081456645305 0.000044524026110 
