0.006105851600848
0.165982032468206
0.180086153649713
0.157580782921859
0.167770374203536
0.141447873927171
0.125008101175084
0.138771689524925
0.158131860839794
0.117977261939965
0.116293110341447
0.135983898712778
0.101235555786363
0.195491728611700
0.134632876478099
0.154285522670293
0.210904610619840
0.183933997628095
0.093838061945254
0.180315765495881
0.180175404835952
0.056520015451314
0.315837869693662
-0.000000000000000
-0.000000000000000
0.160638982611149
0.118968518353608
0.248381229167849
0.096482675717117
0.113251560200920
0.054365659030809
0.264856396911953
0.147117000251940
0.155193591717717
0.155334355472325
0.331208403948921
0.049969801851486
0.089458662664899
0.080348162165937
0.080894947467774
0.079731813557761
0.074405887240429
0.062683118819208
0.002353352642727
0.039618278906652
-0.003350962858009
0.012691540700338
0.027283342396041
0.005407129653975
0.069532793270114
0.045432916151026
-0.073460918317366
0.057697886100060
0.024200151316912
0.006692610671799
-0.066302191128810
0.142389615791173
0.266636769265522
0.103766827299488
-0.040679116842639
-0.129936365788710
0.125112105366781
-0.250586065590072
0.181615269843637
0.557106613364440
-0.314066405263650
0.000000000000000
0.000000000000000
-0.084927144914957
0.239899060659263
-0.173717603428012
0.113731047393934
0.277010876917847
0.207395689299727
0.078254170668314
0.010336194285201
-0.096936802058031
-0.005962041246729
-0.184658496403141
0.218692720730965
0.031326635004725
0.051039864903744
0.040669455207451
0.037767775485025
0.047211334163344
0.040164303670477
0.002050570574016
-0.014286789301781
-0.020858703125324
-0.056078905861823
0.011969161567478
-0.029228189519947
-0.066329243010577
0.088338397532155
0.011484726780454
0.060063668330523
-0.030652174086971
0.015067143718675
-0.037454285604373
0.140922125397471
-0.052186401138807
-0.007912674607693
-0.232810708843802
-0.189503130126269
0.508994038427473
-0.125679231458033
0.346005590690649
-0.231612386465136
0.060521209482251
0.000000000000000
0.000000000000000
0.038552891743189
0.270701025406552
0.059589439478954
-0.061963183183316
-0.213162239518191
0.273092723589754
-0.268763223221708
0.039020226637265
0.024459032841064
0.181595452949465
-0.011235589066474
-0.317067897405283
0.004817973602567
-0.007293726590132
0.004367452129528
-0.009215445442544
-0.017946134047842
-0.037229783434366
0.001724862510097
-0.002796796818817
-0.070073227504107
0.014306414765395
-0.001348735380940
-0.059761623796716
0.039603749575150
-0.004932501493358
-0.039853719511420
0.018466122328064
-0.035598169443752
0.016952774227435
-0.018348680934073
0.355115517854542
0.079411801514121
-0.010990076797777
0.261853687312680
0.053562588659174
0.260646933684850
-0.183822261671743
-0.185525353488174
-0.467336504634586
-0.147880621509911
-0.000000000000000
-0.000000000000000
-0.166560069720614
0.057646244070145
0.015136072573657
-0.133536586482172
-0.154860423904129
-0.054082077694544
0.156585720360369
0.061127449557654
0.037396954135965
0.010683398437396
-0.135606029142956
0.528628211554618
-0.013942771079286
0.015633904208082
0.001451259324738
0.024491172345429
0.022577707559506
0.017673238942646
