0.000000003111404
0.000000000048378
0.000000006883848
0.000000022429770
0.000000000090394
0.000000010969498
0.000000008430262
0.000000001082159
0.000000017324201
0.000000024738193
0.000000004557256
0.000000000431300
0.000000111644249
0.000000074976514
0.000000036426651
0.000000003893961
0.000000001113620
0.000000126545330
0.000000002494406
0.000000203940805
0.000000355854775
0.000000056886341
0.000000000000000
0.000000000000000
0.000000040545429
0.000000105312851
0.000000032680349
0.000000276110899
0.000000009453356
0.000000093094386
0.000000004812669
0.000000077691445
0.000000055572023
0.000000149523159
0.000000012164214
0.000000054551099
0.000000004007904
0.000000001256067
0.000000001909286
0.000000000911326
0.000000001216356
0.000000000504105
