0.000000956480786 0.000000822987626 0.000000647894099 0.000000658999727 0.000000568651774 0.000000401805136 0.000001490123210 0.000001227151797 0.000001187234241 0.000001281812762 0.000000980363268 0.000000678755827 0.000000608029641 0.000000268132882 0.000000665675468 0.000000548975233 0.000000851385188 0.000000404331835 0.000001294332272 0.000000993583450 0.000000567087871 0.000000071686950 0.000000000000000 -0.000000000000000 0.000000685096395 0.000000638633617 0.000000434299984 0.000000187640749 0.000000400483576 -0.000000314057743 0.000001067665659 0.000001121099243 0.000000643095581 0.000000949012635 0.000000561737778 0.000000088422543 0.000000530234143 0.000000493494278 0.000000531708280 0.000000508868100 0.000000422196227 0.000000252618854 
0.000000822987626 0.000000911055093 0.000000619537607 0.000000680025141 0.000000533405933 0.000000415640349 0.000001418383222 0.000001209780055 0.000001080303928 0.000001182273850 0.000001010352668 0.000000630571887 0.000000521237773 0.000000229877299 0.000000685881088 0.000000690132591 0.000001257657505 0.000000330652840 0.000001344626700 0.000001215795749 0.000000574911926 0.000000145634228 -0.000000000000000 -0.000000000000000 0.000000585063268 0.000000737819479 0.000001035140911 0.000000109192769 0.000000410366919 -0.000000159877533 0.000000919200976 0.000000869134107 0.000000860020917 0.000000769437778 0.000000613536449 0.000000159829386 0.000000538131340 0.000000522438575 0.000000542213183 0.000000536273238 0.000000445942073 0.000000265333706 
0.000000647894099 0.000000619537607 0.000000553923954 0.000000564767975 0.000000391631512 0.000000298089834 0.000001045794381 0.000000909155427 0.000000935988832 0.000000967717133 0.000000765395452 0.000000468975063 0.000000561869570 0.000000239158931 0.000000334263105 0.000000515179884 0.000000994655659 0.000000317865044 0.000001002637942 0.000000410292108 0.000000700272657 0.000000039462058 0.000000000000000 0.000000000000000 0.000000282947458 0.000000478386166 0.000000816082666 0.000000150849063 0.000000315356135 -0.000000196089099 0.000000882687837 0.000000643110471 0.000000561086614 0.000000720775697 0.000000408705293 0.000000112038677 0.000000426303322 0.000000399556623 0.000000423094123 0.000000409818327 0.000000345472473 0.000000207856398 
0.000000658999727 0.000000680025141 0.000000564767975 0.000000656294027 0.000000429675673 0.000000298926868 0.000001118905987 0.000000960212047 0.000000994585708 0.000000964678291 0.000000960864800 0.000000515864899 0.000000538330776 0.000000208049496 0.000000350841825 0.000000571981567 0.000001119194478 0.000000250674434 0.000000743886642 0.000000409570435 0.000000942009055 -0.000000006356677 -0.000000000000000 -0.000000000000000 0.000000283135436 0.000000373159452 0.000000864834745 0.000000136184132 0.000000244299313 -0.000000191465518 0.000000762273940 0.000000709543119 0.000000591221717 0.000000617153673 0.000000475556154 0.000000116698886 0.000000446995326 0.000000422323278 0.000000441454182 0.000000434623198 0.000000361594721 0.000000222498483 
0.000000568651774 0.000000533405933 0.000000391631512 0.000000429675673 0.000000387768158 0.000000289264707 0.000000909806320 0.000000767866863 0.000000783747529 0.000000792909873 0.000000698744766 0.000000532141755 0.000000495586230 0.000000215572643 0.000000458373390 0.000000323040127 0.000000585893531 0.000000242590180 0.000000980949333 0.000000768631559 0.000000455750601 0.000000099333926 -0.000000000000000 -0.000000000000000 0.000000419564989 0.000000491783806 0.000000205421192 0.000000175722591 0.000000304021717 -0.000000165434413 0.000000677450971 0.000000685180674 0.000000432543564 0.000000586216742 0.000000434308494 0.000000099928913 0.000000343196392 0.000000330141153 0.000000346138500 0.000000335189085 0.000000276490521 0.000000174535273 
0.000000401805136 0.000000415640349 0.000000298089834 0.000000298926868 0.000000289264707 0.000000301640410 0.000000655911828 0.000000616060954 0.000000583752370 0.000000654741224 0.000000486080079 0.000000429838442 0.000000476382797 0.000000210878477 0.000000320177163 0.000000272711114 0.000000656591277 0.000000216816633 0.000001053840642 0.000000802467208 0.000000213227263 0.000000035496245 -0.000000000000000 0.000000000000000 0.000000558114101 0.000000608747337 0.000000122749908 0.000000167531214 0.000000373370267 -0.000000133346652 0.000000571956256 0.000000330167506 0.000000841141718 0.000000566303632 0.000000361362288 0.000000146289518 0.000000272496654 0.000000273822820 0.000000273508760 0.000000271048515 0.000000226934862 0.000000138784132 
0.000001490123210 0.000001418383222 0.000001045794381 0.000001118905987 0.000000909806320 0.000000655911828 0.000002627045184 0.000002037784150 0.000001943179579 0.000002024978045 0.000001705503066 0.000000917171086 0.000000949007407 0.000000259046066 0.000001091853195 0.000001039124048 0.000001903345381 0.000000370797445 0.000001204333178 0.000002185409580 0.000001408011412 0.000000158339279 0.000000000000000 -0.000000000000000 0.000001102585777 0.000001106392155 0.000000611210579 0.000000107598884 0.000000547969491 0.000000233282136 0.000001653370170 0.000001653779751 0.000001093158011 0.000001147438348 0.000001178574091 0.000000202457271 0.000000867901290 0.000000816079165 0.000000881337677 0.000000849949070 0.000000706555504 0.000000410175366 
0.000001227151797 0.000001209780055 0.000000909155427 0.000000960212047 0.000000767866863 0.000000616060954 0.000002037784150 0.000001866582479 0.000001680384913 0.000001889925625 0.000001432967658 0.000000974943142 0.000000829981074 0.000000386532870 0.000000904067242 0.000001209340257 0.000002159246266 0.000000542931800 0.000001984665177 0.000001111048641 0.000000856624854 0.000000155353130 0.000000000000000 -0.000000000000000 0.000001000164163 0.000001097762974 0.000000594763133 0.000000249450531 0.000000558594800 -0.000000427303115 0.000001273476106 0.000001345481333 0.000001555554565 0.000001324678130 0.000000719939935 0.000000249149900 0.000000782224227 0.000000731858100 0.000000766363585 0.000000751996796 0.000000625093446 0.000000373406699 
0.000001187234241 0.000001080303928 0.000000935988832 0.000000994585708 0.000000783747529 0.000000583752370 0.000001943179579 0.000001680384913 0.000001883936513 0.000001752017566 0.000001538588356 0.000001042782735 0.000001210413249 0.000000417332724 0.000000654763259 0.000000712454838 0.000001725331864 0.000000419664718 0.000002348889133 0.000000872870309 0.000001673208536 0.000000177610462 0.000000000000000 0.000000000000000 0.000000666144308 0.000000988586716 0.000000447762354 0.000000386576396 0.000000519739581 -0.000000473187944 0.000001687018231 0.000001342826503 0.000000970764880 0.000001277623268 0.000000902602411 0.000000235280524 0.000000769882999 0.000000723324894 0.000000757992133 0.000000726190614 0.000000607920861 0.000000379231995 
0.000001281812762 0.000001182273850 0.000000967717133 0.000000964678291 0.000000792909873 0.000000654741224 0.000002024978045 0.000001889925625 0.000001752017566 0.000002016677618 0.000001383941651 0.000001079547081 0.000001017008651 0.000000504063575 0.000000888670746 0.000001189333342 0.000002064813934 0.000000623806207 0.000002235456919 0.000001027696225 0.000000704092127 0.000000133310564 0.000000000000000 0.000000000000000 0.000000859077373 0.000001220463224 0.000000567025176 0.000000373585933 0.000000695089306 -0.000000454268496 0.000001473030262 0.000001341227210 0.000001441678375 0.000001598375576 0.000000657396806 0.000000276175930 0.000000802103715 0.000000748118154 0.000000787056115 0.000000769695242 0.000000640934476 0.000000386735122 
0.000000980363268 0.000001010352668 0.000000765395452 0.000000960864800 0.000000698744766 0.000000486080079 0.000001705503066 0.000001432967658 0.000001538588356 0.000001383941651 0.000001675164511 0.000000836268779 0.000000850689203 0.000000359792220 0.000000566819924 0.000000634404981 0.000001585476995 0.000000458589008 0.000001589019268 0.000000846660329 0.000001640417802 0.000000056310090 -0.000000000000000 -0.000000000000000 0.000000731686530 0.000000619156717 0.000000313123686 0.000000198130798 0.000000412204527 -0.000000320743959 0.000001199585243 0.000001028808740 0.000000828753411 0.000000911106337 0.000000869373574 0.000000209454673 0.000000671752326 0.000000631914730 0.000000651960781 0.000000635374167 0.000000529569813 0.000000335704408 
0.000000678755827 0.000000630571887 0.000000468975063 0.000000515864899 0.000000532141755 0.000000429838442 0.000000917171086 0.000000974943142 0.000001042782735 0.000001079547081 0.000000836268779 0.000001100567834 0.000000829777693 0.000000456454185 0.000000761119042 0.000000480491865 0.000000713737729 0.000000315198313 0.000002543008569 0.000000464748527 0.000000179692806 0.000000122779905 -0.000000000000000 0.000000000000000 0.000000756031858 0.000000836940541 0.000000305358414 0.000000548929640 0.000000433935775 -0.000000248723213 0.000000893745176 0.000000993295196 0.000000798366104 0.000001053378191 0.000000291293947 0.000000249322679 0.000000445723505 0.000000433138893 0.000000435547837 0.000000430334015 0.000000344902283 0.000000243065706 
0.000000608029641 0.000000521237773 0.000000561869570 0.000000538330776 0.000000495586230 0.000000476382797 0.000000949007407 0.000000829981074 0.000001210413249 0.000001017008651 0.000000850689203 0.000000829777693 0.000001463262463 0.000000473769436 0.000000179836943 0.000000240726051 0.000000929640078 0.000000504903468 0.000001803126007 0.000001290422130 0.000001236541052 0.000000022582594 0.000000000000000 0.000000000000000 0.000000185946775 0.000001004955440 -0.000000032182711 0.000000480193144 0.000000652732978 -0.000000374487166 0.000001445982204 0.000000543219852 0.000000492315942 0.000000731124872 0.000000894313717 0.000000202139869 0.000000450514370 0.000000458605536 0.000000472143809 0.000000437126654 0.000000373338492 0.000000245898927 
0.000000268132882 0.000000229877299 0.000000239158931 0.000000208049496 0.000000215572643 0.000000210878477 0.000000259046066 0.000000386532870 0.000000417332724 0.000000504063575 0.000000359792220 0.000000456454185 0.000000473769436 0.000000501862499 0.000000338447220 0.000000233842897 0.000000397559164 0.000000804337748 0.000001011810323 -0.000000178810748 -0.000000048086389 0.000000212132868 -0.000000000000000 0.000000000000000 0.000000463837299 0.000000472661186 0.000000145442198 0.000000232237565 0.000000348605336 -0.000000146557719 0.000000412090772 0.000000306871335 0.000000474853750 0.000000582883580 0.000000093345186 0.000000175678581 0.000000225550576 0.000000210271666 0.000000215637904 0.000000204302220 0.000000177960791 0.000000132782429 
0.000000665675468 0.000000685881088 0.000000334263105 0.000000350841825 0.000000458373390 0.000000320177163 0.000001091853195 0.000000904067242 0.000000654763259 0.000000888670746 0.000000566819924 0.000000761119042 0.000000179836943 0.000000338447220 0.000002231201650 0.000000957342011 0.000000616265812 0.000000373579496 0.000000517054067 0.000000756857337 -0.000000132072455 0.000000167770635 -0.000000000000000 -0.000000000000000 0.000001220614313 0.000000920508438 0.000000425935638 0.000000030244617 0.000000295434831 -0.000000225802325 0.000000256633388 0.000001613000354 0.000000605812659 0.000000572640144 0.000000390497042 0.000000469921162 0.000000418525329 0.000000370068232 0.000000455632894 0.000000407705285 0.000000333570395 0.000000226118154 
0.000000548975233 0.000000690132591 0.000000515179884 0.000000571981567 0.000000323040127 0.000000272711114 0.000001039124048 0.000001209340257 0.000000712454838 0.000001189333342 0.000000634404981 0.000000480491865 0.000000240726051 0.000000233842897 0.000000957342011 0.000002736865371 0.000002826603881 0.000000495519532 0.000000313484293 -0.000000061195969 0.000000183913160 0.000000032471166 -0.000000000000000 0.000000000000000 0.000000210856380 0.000000238599178 0.000000225156379 0.000000014471712 0.000000273706363 -0.000000338213971 0.000000221342911 0.000001119964665 0.000001996237135 0.000000238962426 0.000000164582466 0.000000087290981 0.000000481207838 0.000000374414599 0.000000472478026 0.000000431603782 0.000000351934739 0.000000217345390 
0.000000851385188 0.000001257657505 0.000000994655659 0.000001119194478 0.000000585893531 0.000000656591277 0.000001903345381 0.000002159246266 0.000001725331864 0.000002064813934 0.000001585476995 0.000000713737729 0.000000929640078 0.000000397559164 0.000000616265812 0.000002826603881 0.000005388866949 0.000000798464342 0.000001219615406 0.000000092407872 0.000001668116782 0.000000024645133 0.000000000000000 -0.000000000000000 0.000000461921671 0.000001463921670 0.000000376257824 0.000000010267527 0.000000293140015 -0.000000457484588 0.000000881992489 0.000000565345825 0.000003113021163 0.000000660849957 0.000000665735623 0.000000620704074 0.000000888685199 0.000000805478117 0.000000834047604 0.000000830914029 0.000000709079922 0.000000406978629 
0.000000404331835 0.000000330652840 0.000000317865044 0.000000250674434 0.000000242590180 0.000000216816633 0.000000370797445 0.000000542931800 0.000000419664718 0.000000623806207 0.000000458589008 0.000000315198313 0.000000504903468 0.000000804337748 0.000000373579496 0.000000495519532 0.000000798464342 0.000002525113098 0.000000317456761 -0.000000225128900 -0.000000002653658 0.000000055083915 0.000000000000000 -0.000000000000000 0.000000419226552 0.000000570288292 0.000000346441062 -0.000000004613721 0.000000374219108 -0.000000443938550 0.000000054704243 0.000000639248412 0.000000551909008 0.000000188299019 0.000000401718193 0.000000041360726 0.000000336302820 0.000000314270124 0.000000333186107 0.000000282200342 0.000000267441652 0.000000175698254 
0.000001294332272 0.000001344626700 0.000001002637942 0.000000743886642 0.000000980949333 0.000001053840642 0.000001204333178 0.000001984665177 0.000002348889133 0.000002235456919 0.000001589019268 0.000002543008569 0.000001803126007 0.000001011810323 0.000000517054067 0.000000313484293 0.000001219615406 0.000000317456761 0.000022478555734 -0.000001074989543 0.000000037828471 0.000000136317929 0.000000000000000 -0.000000000000000 0.000001753259625 0.000001965564463 0.000000510468063 0.000001817700032 0.000002424073303 -0.000000876802408 0.000005326011125 0.000000876583259 0.000002420119657 0.000005143847215 -0.000000162157068 0.000000081859836 0.000001218435033 0.000001075137343 0.000001000213816 0.000000895459161 0.000000757209269 0.000000528067008 
0.000000993583450 0.000001215795749 0.000000410292108 0.000000409570435 0.000000768631559 0.000000802467208 0.000002185409580 0.000001111048641 0.000000872870309 0.000001027696225 0.000000846660329 0.000000464748527 0.000001290422130 -0.000000178810748 0.000000756857337 -0.000000061195969 0.000000092407872 -0.000000225128900 -0.000001074989543 0.000008488243043 0.000000091449857 0.000000185800553 -0.000000000000000 -0.000000000000000 0.000000551299869 0.000001898152203 -0.000000349675676 -0.000000148575270 0.000001200617679 -0.000000120920208 0.000001551463884 0.000000422496531 0.000000248224242 -0.000000362658081 0.000002448153707 -0.000000020708563 0.000000406839314 0.000000561888394 0.000000584862091 0.000000574886748 0.000000472731165 0.000000222148498 
0.000000567087871 0.000000574911926 0.000000700272657 0.000000942009055 0.000000455750601 0.000000213227263 0.000001408011412 0.000000856624854 0.000001673208536 0.000000704092127 0.000001640417802 0.000000179692806 0.000001236541052 -0.000000048086389 -0.000000132072455 0.000000183913160 0.000001668116782 -0.000000002653658 0.000000037828471 0.000000091449857 0.000004549690190 -0.000000144240291 0.000000000000000 0.000000000000000 -0.000000043343104 -0.000000070757817 0.000000063064700 -0.000000085185713 0.000000107093508 -0.000000494652398 0.000001271386708 0.000000902281446 -0.000000152953053 -0.000000108457094 0.000001611590111 -0.000000007051947 0.000000546865348 0.000000503917717 0.000000556771155 0.000000474196218 0.000000422077937 0.000000269289481 
0.000000071686950 0.000000145634228 0.000000039462058 -0.000000006356677 0.000000099333926 0.000000035496245 0.000000158339279 0.000000155353130 0.000000177610462 0.000000133310564 0.000000056310090 0.000000122779905 0.000000022582594 0.000000212132868 0.000000167770635 0.000000032471166 0.000000024645133 0.000000055083915 0.000000136317929 0.000000185800553 -0.000000144240291 0.000001227540828 0.000000000000000 0.000000000000000 0.000000021403975 0.000000128275874 -0.000000136508926 0.000000024204726 0.000000042982498 0.000000211507740 0.000000255100143 0.000000161804299 0.000000017854430 0.000000050229357 0.000000017540179 0.000000027104306 0.000000063860042 0.000000056101630 0.000000064134110 0.000000074144485 0.000000062705159 0.000000064990633 
0.000000000000000 -0.000000000000000 0.000000000000000 -0.000000000000000 -0.000000000000000 -0.000000000000000 0.000000000000000 0.000000000000000 0.000000000000000 0.000000000000000 -0.000000000000000 -0.000000000000000 0.000000000000000 -0.000000000000000 -0.000000000000000 -0.000000000000000 0.000000000000000 0.000000000000000 0.000000000000000 -0.000000000000000 0.000000000000000 0.000000000000000 0.000000000000000 0.000000000000000 0.000000000000000 0.000000000000000 0.000000000000000 -0.000000000000000 -0.000000000000000 0.000000000000000 -0.000000000000000 0.000000000000000 0.000000000000000 0.000000000000000 0.000000000000000 -0.000000000000000 -0.000000000000000 -0.000000000000000 -0.000000000000000 -0.000000000000000 -0.000000000000000 -0.000000000000000 
-0.000000000000000 -0.000000000000000 0.000000000000000 -0.000000000000000 -0.000000000000000 0.000000000000000 -0.000000000000000 -0.000000000000000 0.000000000000000 0.000000000000000 -0.000000000000000 0.000000000000000 0.000000000000000 0.000000000000000 -0.000000000000000 0.000000000000000 -0.000000000000000 -0.000000000000000 -0.000000000000000 -0.000000000000000 0.000000000000000 0.000000000000000 0.000000000000000 0.000000000000000 0.000000000000000 -0.000000000000000 0.000000000000000 0.000000000000000 0.000000000000000 0.000000000000000 0.000000000000000 0.000000000000000 -0.000000000000000 0.000000000000000 -0.000000000000000 -0.000000000000000 -0.000000000000000 -0.000000000000000 -0.000000000000000 -0.000000000000000 -0.000000000000000 0.000000000000000 
0.000000685096395 0.000000585063268 0.000000282947458 0.000000283135436 0.000000419564989 0.000000558114101 0.000001102585777 0.000001000164163 0.000000666144308 0.000000859077373 0.000000731686530 0.000000756031858 0.000000185946775 0.000000463837299 0.000001220614313 0.000000210856380 0.000000461921671 0.000000419226552 0.000001753259625 0.000000551299869 -0.000000043343104 0.000000021403975 0.000000000000000 0.000000000000000 0.000023972203291 0.000000796946602 -0.000000239813070 0.000000120953605 0.000000202318489 0.000000443795593 0.000000501569348 0.000001139447821 0.000004662084819 0.000000603063412 0.000000480921420 0.000000296440565 0.000000389936595 0.000000390456701 0.000000374104965 0.000000363951214 0.000000297366739 0.000000184491453 
0.000000638633617 0.000000737819479 0.000000478386166 0.000000373159452 0.000000491783806 0.000000608747337 0.000001106392155 0.000001097762974 0.000000988586716 0.000001220463224 0.000000619156717 0.000000836940541 0.000001004955440 0.000000472661186 0.000000920508438 0.000000238599178 0.000001463921670 0.000000570288292 0.000001965564463 0.000001898152203 -0.000000070757817 0.000000128275874 0.000000000000000 -0.000000000000000 0.000000796946602 0.000001979590021 0.000000092846092 0.000000294224808 0.000000632662296 -0.000000201025324 0.000001049436653 0.000000296573733 0.000000951412325 0.000000987052733 0.000000638981073 0.000000615207699 0.000000474736872 0.000000511207421 0.000000491780843 0.000000496208503 0.000000425374068 0.000000247764287 
0.000000434299984 0.000001035140911 0.000000816082666 0.000000864834745 0.000000205421192 0.000000122749908 0.000000611210579 0.000000594763133 0.000000447762354 0.000000567025176 0.000000313123686 0.000000305358414 -0.000000032182711 0.000000145442198 0.000000425935638 0.000000225156379 0.000000376257824 0.000000346441062 0.000000510468063 -0.000000349675676 0.000000063064700 -0.000000136508926 0.000000000000000 0.000000000000000 -0.000000239813070 0.000000092846092 0.000008660491111 0.000000033519037 0.000000267912043 0.000000333546735 0.000000178268247 0.000000507494732 0.000000316441271 0.000000689414132 0.000000066506889 0.000000023908156 0.000000486917842 0.000000583580730 0.000000540115845 0.000000605059456 0.000000508775028 0.000000296172436 
0.000000187640749 0.000000109192769 0.000000150849063 0.000000136184132 0.000000175722591 0.000000167531214 0.000000107598884 0.000000249450531 0.000000386576396 0.000000373585933 0.000000198130798 0.000000548929640 0.000000480193144 0.000000232237565 0.000000030244617 0.000000014471712 0.000000010267527 -0.000000004613721 0.000001817700032 -0.000000148575270 -0.000000085185713 0.000000024204726 -0.000000000000000 0.000000000000000 0.000000120953605 0.000000294224808 0.000000033519037 0.000000422959957 0.000000256721205 -0.000000088241404 0.000000505852827 0.000000232705073 0.000000275944695 0.000000658356011 -0.000000060337655 0.000000060031695 0.000000126497457 0.000000126500067 0.000000111722082 0.000000115660382 0.000000087467315 0.000000076148140 
0.000000400483576 0.000000410366919 0.000000315356135 0.000000244299313 0.000000304021717 0.000000373370267 0.000000547969491 0.000000558594800 0.000000519739581 0.000000695089306 0.000000412204527 0.000000433935775 0.000000652732978 0.000000348605336 0.000000295434831 0.000000273706363 0.000000293140015 0.000000374219108 0.000002424073303 0.000001200617679 0.000000107093508 0.000000042982498 -0.000000000000000 0.000000000000000 0.000000202318489 0.000000632662296 0.000000267912043 0.000000256721205 0.000001120483938 -0.000000337436990 0.000000847997393 0.000000254323624 0.000000569187518 0.000001232240093 0.000000547961118 -0.000000052122310 0.000000311895207 0.000000316043357 0.000000323511487 0.000000299077376 0.000000258907184 0.000000165171292 
-0.000000314057743 -0.000000159877533 -0.000000196089099 -0.000000191465518 -0.000000165434413 -0.000000133346652 0.000000233282136 -0.000000427303115 -0.000000473187944 -0.000000454268496 -0.000000320743959 -0.000000248723213 -0.000000374487166 -0.000000146557719 -0.000000225802325 -0.000000338213971 -0.000000457484588 -0.000000443938550 -0.000000876802408 -0.000000120920208 -0.000000494652398 0.000000211507740 0.000000000000000 0.000000000000000 0.000000443795593 -0.000000201025324 0.000000333546735 -0.000000088241404 -0.000000337436990 0.000011350947383 -0.000000323094342 -0.000000525248035 -0.000000165692257 -0.000000304481714 -0.000000335112304 -0.000000044015981 -0.000000161002927 -0.000000179156138 -0.000000200294610 -0.000000140505735 -0.000000143594240 -0.000000090149222 
0.000001067665659 0.000000919200976 0.000000882687837 0.000000762273940 0.000000677450971 0.000000571956256 0.000001653370170 0.000001273476106 0.000001687018231 0.000001473030262 0.000001199585243 0.000000893745176 0.000001445982204 0.000000412090772 0.000000256633388 0.000000221342911 0.000000881992489 0.000000054704243 0.000005326011125 0.000001551463884 0.000001271386708 0.000000255100143 -0.000000000000000 0.000000000000000 0.000000501569348 0.000001049436653 0.000000178268247 0.000000505852827 0.000000847997393 -0.000000323094342 0.000003071864215 0.000000626336879 0.000000490149080 0.000001512576684 0.000000823758060 0.000000176461160 0.000000698450528 0.000000637196544 0.000000684012317 0.000000620389844 0.000000531418054 0.000000324675556 
0.000001121099243 0.000000869134107 0.000000643110471 0.000000709543119 0.000000685180674 0.000000330167506 0.000001653779751 0.000001345481333 0.000001342826503 0.000001341227210 0.000001028808740 0.000000993295196 0.000000543219852 0.000000306871335 0.000001613000354 0.000001119964665 0.000000565345825 0.000000639248412 0.000000876583259 0.000000422496531 0.000000902281446 0.000000161804299 0.000000000000000 0.000000000000000 0.000001139447821 0.000000296573733 0.000000507494732 0.000000232705073 0.000000254323624 -0.000000525248035 0.000000626336879 0.000002495050834 0.000000568952645 0.000000715703607 0.000000689732861 -0.000000037711758 0.000000596565488 0.000000519763771 0.000000622635687 0.000000548616446 0.000000443052126 0.000000299100993 
0.000000643095581 0.000000860020917 0.000000561086614 0.000000591221717 0.000000432543564 0.000000841141718 0.000001093158011 0.000001555554565 0.000000970764880 0.000001441678375 0.000000828753411 0.000000798366104 0.000000492315942 0.000000474853750 0.000000605812659 0.000001996237135 0.000003113021163 0.000000551909008 0.000002420119657 0.000000248224242 -0.000000152953053 0.000000017854430 0.000000000000000 -0.000000000000000 0.000004662084819 0.000000951412325 0.000000316441271 0.000000275944695 0.000000569187518 -0.000000165692257 0.000000490149080 0.000000568952645 0.000008007986043 0.000000982831966 0.000000235640116 0.000000435049619 0.000000591098745 0.000000542848913 0.000000520985319 0.000000543584823 0.000000451687963 0.000000273329460 
0.000000949012635 0.000000769437778 0.000000720775697 0.000000617153673 0.000000586216742 0.000000566303632 0.000001147438348 0.000001324678130 0.000001277623268 0.000001598375576 0.000000911106337 0.000001053378191 0.000000731124872 0.000000582883580 0.000000572640144 0.000000238962426 0.000000660849957 0.000000188299019 0.000005143847215 -0.000000362658081 -0.000000108457094 0.000000050229357 0.000000000000000 0.000000000000000 0.000000603063412 0.000000987052733 0.000000689414132 0.000000658356011 0.000001232240093 -0.000000304481714 0.000001512576684 0.000000715703607 0.000000982831966 0.000002851604798 -0.000000022338005 0.000000175620482 0.000000616469048 0.000000567066336 0.000000554636205 0.000000556060476 0.000000463758661 0.000000299637880 
0.000000561737778 0.000000613536449 0.000000408705293 0.000000475556154 0.000000434308494 0.000000361362288 0.000001178574091 0.000000719939935 0.000000902602411 0.000000657396806 0.000000869373574 0.000000291293947 0.000000894313717 0.000000093345186 0.000000390497042 0.000000164582466 0.000000665735623 0.000000401718193 -0.000000162157068 0.000002448153707 0.000001611590111 0.000000017540179 0.000000000000000 -0.000000000000000 0.000000480921420 0.000000638981073 0.000000066506889 -0.000000060337655 0.000000547961118 -0.000000335112304 0.000000823758060 0.000000689732861 0.000000235640116 -0.000000022338005 0.000001385444929 -0.000000016452482 0.000000376119243 0.000000403477481 0.000000435930186 0.000000389702079 0.000000337907933 0.000000197606196 
0.000000088422543 0.000000159829386 0.000000112038677 0.000000116698886 0.000000099928913 0.000000146289518 0.000000202457271 0.000000249149900 0.000000235280524 0.000000276175930 0.000000209454673 0.000000249322679 0.000000202139869 0.000000175678581 0.000000469921162 0.000000087290981 0.000000620704074 0.000000041360726 0.000000081859836 -0.000000020708563 -0.000000007051947 0.000000027104306 -0.000000000000000 -0.000000000000000 0.000000296440565 0.000000615207699 0.000000023908156 0.000000060031695 -0.000000052122310 -0.000000044015981 0.000000176461160 -0.000000037711758 0.000000435049619 0.000000175620482 -0.000000016452482 0.000000416309996 0.000000113638920 0.000000114110828 0.000000108460756 0.000000120215255 0.000000103070491 0.000000066961986 
0.000000530234143 0.000000538131340 0.000000426303322 0.000000446995326 0.000000343196392 0.000000272496654 0.000000867901290 0.000000782224227 0.000000769882999 0.000000802103715 0.000000671752326 0.000000445723505 0.000000450514370 0.000000225550576 0.000000418525329 0.000000481207838 0.000000888685199 0.000000336302820 0.000001218435033 0.000000406839314 0.000000546865348 0.000000063860042 -0.000000000000000 -0.000000000000000 0.000000389936595 0.000000474736872 0.000000486917842 0.000000126497457 0.000000311895207 -0.000000161002927 0.000000698450528 0.000000596565488 0.000000591098745 0.000000616469048 0.000000376119243 0.000000113638920 0.000000368507773 0.000000344580660 0.000000362940521 0.000000347536704 0.000000292909076 0.000000180359630 
0.000000493494278 0.000000522438575 0.000000399556623 0.000000422323278 0.000000330141153 0.000000273822820 0.000000816079165 0.000000731858100 0.000000723324894 0.000000748118154 0.000000631914730 0.000000433138893 0.000000458605536 0.000000210271666 0.000000370068232 0.000000374414599 0.000000805478117 0.000000314270124 0.000001075137343 0.000000561888394 0.000000503917717 0.000000056101630 -0.000000000000000 -0.000000000000000 0.000000390456701 0.000000511207421 0.000000583580730 0.000000126500067 0.000000316043357 -0.000000179156138 0.000000637196544 0.000000519763771 0.000000542848913 0.000000567066336 0.000000403477481 0.000000114110828 0.000000344580660 0.000000334792621 0.000000344362663 0.000000335022790 0.000000282220819 0.000000172511871 
0.000000531708280 0.000000542213183 0.000000423094123 0.000000441454182 0.000000346138500 0.000000273508760 0.000000881337677 0.000000766363585 0.000000757992133 0.000000787056115 0.000000651960781 0.000000435547837 0.000000472143809 0.000000215637904 0.000000455632894 0.000000472478026 0.000000834047604 0.000000333186107 0.000001000213816 0.000000584862091 0.000000556771155 0.000000064134110 -0.000000000000000 -0.000000000000000 0.000000374104965 0.000000491780843 0.000000540115845 0.000000111722082 0.000000323511487 -0.000000200294610 0.000000684012317 0.000000622635687 0.000000520985319 0.000000554636205 0.000000435930186 0.000000108460756 0.000000362940521 0.000000344362663 0.000000366033297 0.000000348846765 0.000000294086777 0.000000180206279 
0.000000508868100 0.000000536273238 0.000000409818327 0.000000434623198 0.000000335189085 0.000000271048515 0.000000849949070 0.000000751996796 0.000000726190614 0.000000769695242 0.000000635374167 0.000000430334015 0.000000437126654 0.000000204302220 0.000000407705285 0.000000431603782 0.000000830914029 0.000000282200342 0.000000895459161 0.000000574886748 0.000000474196218 0.000000074144485 -0.000000000000000 -0.000000000000000 0.000000363951214 0.000000496208503 0.000000605059456 0.000000115660382 0.000000299077376 -0.000000140505735 0.000000620389844 0.000000548616446 0.000000543584823 0.000000556060476 0.000000389702079 0.000000120215255 0.000000347536704 0.000000335022790 0.000000348846765 0.000000340696019 0.000000285737466 0.000000174333806 
0.000000422196227 0.000000445942073 0.000000345472473 0.000000361594721 0.000000276490521 0.000000226934862 0.000000706555504 0.000000625093446 0.000000607920861 0.000000640934476 0.000000529569813 0.000000344902283 0.000000373338492 0.000000177960791 0.000000333570395 0.000000351934739 0.000000709079922 0.000000267441652 0.000000757209269 0.000000472731165 0.000000422077937 0.000000062705159 -0.000000000000000 -0.000000000000000 0.000000297366739 0.000000425374068 0.000000508775028 0.000000087467315 0.000000258907184 -0.000000143594240 0.000000531418054 0.000000443052126 0.000000451687963 0.000000463758661 0.000000337907933 0.000000103070491 0.000000292909076 0.000000282220819 0.000000294086777 0.000000285737466 0.000000241149389 0.000000146538773 
0.000000252618854 0.000000265333706 0.000000207856398 0.000000222498483 0.000000174535273 0.000000138784132 0.000000410175366 0.000000373406699 0.000000379231995 0.000000386735122 0.000000335704408 0.000000243065706 0.000000245898927 0.000000132782429 0.000000226118154 0.000000217345390 0.000000406978629 0.000000175698254 0.000000528067008 0.000000222148498 0.000000269289481 0.000000064990633 -0.000000000000000 0.000000000000000 0.000000184491453 0.000000247764287 0.000000296172436 0.000000076148140 0.000000165171292 -0.000000090149222 0.000000324675556 0.000000299100993 0.000000273329460 0.000000299637880 0.000000197606196 0.000000066961986 0.000000180359630 0.000000172511871 0.000000180206279 0.000000174333806 0.000000146538773 0.000000093224254 
