0.000000000004449
0.000000008489104
0.000000000000000
0.000000000000000
0.000000000633510
0.000000000000000
0.000000000000000
0.000000000089246
0.000000000000493
0.000000017958876
0.000000000256561
0.000000011517853
0.000000039611547
0.000000006410052
0.000000000000000
0.000000009320838
0.000000000341241
0.000000009366144
0.000000009147004
0.000000007132212
0.000000011041198
0.000000000000000
0.000000000000000
0.000000006578488
0.000000001670111
0.000000004429364
0.000000006506111
0.000000003168724
0.000000004035113
0.000000005160426
0.000000005345677
