0.000002095433636 0.000001338031757 0.000001546244592 0.000001379997873 0.000003338876824 0.000001374439103 0.000001204029997 0.000001964702226 0.000001351362482 -0.000009388229778 0.000001156054233 0.000000606878207 0.000000888323077 0.000000516068942 0.000000943205340 0.000001104419941 0.000000981395444 0.000000161306509 0.000000742111629 0.000000523531077 0.000001173840101 0.000000425937359 0.000000852279913 0.000000032400393 0.000000742891481 0.000001029705021 0.000000688825712 0.000000594082273 0.000000488598093 0.000000492695082 0.000001159129232 0.000000934945165 0.000001387648166 0.000001284731043 0.000000640376300 0.000000226748438 0.000000505644011 0.000000535572966 -4867971064880746.000000000000000 0.000000467774654 0.000000403489303 0.000000263027832 
0.000001338031757 0.000004489495244 0.000001650202948 0.000001407208676 0.000002221492904 0.000001400942086 0.000001434237239 0.000002294602173 0.000001629074041 -0.000030127760547 0.000001567033736 0.000001239644881 0.000001019077338 0.000000623405117 0.000001231374414 0.000001336569089 0.000001092770619 0.000000306925183 0.000000982241760 0.000000606419227 0.000002423392217 0.000000414599207 0.000001041931405 -0.000000165051553 0.000001000759593 0.000001107947871 0.000000958715321 0.000001142433844 0.000000605738918 0.000000688944152 0.000001591475899 0.000001179725432 0.000001552930878 0.000001286961890 0.000000913812264 0.000000556700404 0.000000609620267 0.000000613531512 -5319431066903913.000000000000000 0.000000534127077 0.000000488080786 0.000000315640811 
0.000001546244592 0.000001650202948 0.000027380886612 0.000016012402429 0.000000997409302 0.000001366426816 0.000001335006770 0.000002607831363 0.000001864314763 -0.000002975678032 0.000001835413140 0.000002614025180 0.000000959010267 0.000000798557280 0.000000788710944 0.000001780228258 0.000001336647049 0.000000086595197 0.000000699583315 0.000000658672620 0.000001878066595 0.000000857618969 0.000001122459761 -0.000000355570524 0.000001062492722 0.000001235008807 0.000000770974486 0.000000804672798 0.000000386377302 0.000001093301700 0.000003120051600 0.000001223060617 0.000001359206358 0.000001598295089 0.000000919002715 0.000000258961484 0.000000582391359 0.000000648544888 -161774125773227.937500000000000 0.000000530050576 0.000000492776403 0.000000305873677 
0.000001379997873 0.000001407208676 0.000016012402429 0.000020118589584 -0.000002121163171 0.000000959948812 0.000001757530814 0.000002133837631 0.000001026671778 0.000005612705509 0.000001195813094 0.000004402850045 0.000000969073867 0.000000773372762 0.000000612515414 0.000001244607598 0.000001041641263 0.000000253103404 0.000000948895951 0.000000413252758 0.000001233368584 0.000000450712535 0.000000836171553 -0.000000038639516 0.000000730628793 0.000001066182834 0.000000710947463 0.000000673872235 0.000000406172160 0.000000967672735 0.000001098478717 0.000001166295381 0.000001289203007 0.000001064691708 0.000000487884837 0.000000139177987 0.000000447141668 0.000000514695096 -9646301995779374.000000000000000 0.000000440676861 0.000000389836208 0.000000252297839 
0.000003338876824 0.000002221492904 0.000000997409302 -0.000002121163171 0.000212748037803 0.000003230228755 0.000002375161413 0.000003885312539 0.000002167210524 -0.000003577343114 0.000000718705214 0.000139167584844 0.000001275564290 0.000000581710001 0.000001181899396 0.000001315202865 0.000001374145964 0.000001284796730 -0.000000409387732 0.000000662223266 0.000001652545694 0.000000272405662 -0.000000125905189 -0.000000544051618 0.000001104768516 0.000001766756416 0.000000825647137 0.000000787633956 0.000000870550950 -0.000001144195879 0.000001827650882 0.000001308210533 0.000001953909177 0.000002523120954 0.000000969211898 0.000000223237540 0.000000750156305 0.000000902684427 64500038662028184.000000000000000 0.000000734261110 0.000000632571243 0.000000424742656 
0.000001374439103 0.000001400942086 0.000001366426816 0.000000959948812 0.000003230228755 0.000012421306931 0.000001334498920 0.000001867883581 0.000001028461170 -0.000040506547990 0.000000868593730 0.000004425092694 0.000000539015300 0.000000841416521 0.000000914357673 0.000000654225408 0.000000514657169 0.000000207809129 0.000000717094335 0.000000510146862 0.000001647373427 0.000000353040609 -0.000000152400911 -0.000000316950459 0.000000695769203 0.000001186482127 0.000000492746852 0.000000437313208 0.000000374222185 0.000000276159282 0.000001008449721 0.000000814542965 0.000000886894948 0.000001015739968 0.000000345963241 0.000000348814458 0.000000340466518 0.000000353411574 -11480822416296688.000000000000000 0.000000337287971 0.000000273559878 0.000000195901622 
0.000001204029997 0.000001434237239 0.000001335006770 0.000001757530814 0.000002375161413 0.000001334498920 0.000002942530267 0.000001841977553 0.000001345065467 -0.000007763964242 0.000001500422901 0.000000682816140 0.000000939692531 0.000000626546378 0.000001119600797 0.000001201813742 0.000000984264702 0.000000279239889 0.000000730540928 0.000000636397501 0.000002182330391 0.000000415882176 0.000000883646050 0.000000041128569 0.000000928551594 0.000000997314235 0.000000888931477 0.000001178656872 0.000000629272761 0.000000574098769 0.000001085489492 0.000001044698740 0.000001443721360 0.000001141357645 0.000000829764661 0.000000435232742 0.000000546229719 0.000000551430787 -9919720279472902.000000000000000 0.000000479769685 0.000000446564191 0.000000292356561 
0.000001964702226 0.000002294602173 0.000002607831363 0.000002133837631 0.000003885312539 0.000001867883581 0.000001841977553 0.000003867240311 0.000002004274814 -0.000004394442909 0.000001829922134 0.000001191606867 0.000001247409270 0.000000789150224 0.000001298257995 0.000001590629509 0.000001298374291 0.000000277136058 0.000001030292844 0.000000699136021 0.000002552153031 0.000000764530496 0.000001149863529 -0.000000067603725 0.000001189970725 0.000001497736177 0.000001062620259 0.000001113884020 0.000000654030094 0.000000864180868 0.000001506619673 0.000001447357523 0.000001714686129 0.000001667168314 0.000001012395813 0.000000442661182 0.000000708373295 0.000000775340004 -3176649543463597.500000000000000 0.000000617798196 0.000000562082232 0.000000366363988 
0.000001351362482 0.000001629074041 0.000001864314763 0.000001026671778 0.000002167210524 0.000001028461170 0.000001345065467 0.000002004274814 0.000003091133594 -0.000009655506409 0.000001880777173 0.000000393517790 0.000001085542675 0.000000722817391 0.000001304474250 0.000001636079806 0.000001361757295 0.000000254125719 0.000000835444342 0.000000838357965 0.000001903117220 0.000001057789949 0.000000909172575 -0.000000051550647 0.000001245649596 0.000001628317201 0.000000911296824 0.000000862283263 0.000000642971194 0.000001057212115 0.000001985013683 0.000001451153005 0.000001533876931 0.000002371221997 0.000000971828300 0.000000545543192 0.000000699785427 0.000000696914633 -3144273331271254.500000000000000 0.000000614975807 0.000000544023278 0.000000363079904 
-0.000009388229778 -0.000030127760547 -0.000002975678032 0.000005612705509 -0.000003577343114 -0.000040506547990 -0.000007763964242 -0.000004394442909 -0.000009655506409 0.021200925763208 -0.000015473317307 0.000008251501859 -0.000012101217210 -0.000008630918791 -0.000010616677340 -0.000011611386316 -0.000016944115433 -0.000011629374723 0.000003379188367 -0.000003434825468 -0.000023993070750 -0.000009661331678 -0.000010268538672 0.000008644620342 -0.000006629301506 -0.000013256295614 -0.000007240981085 0.000000811400258 -0.000012687168569 -0.000008235091821 -0.000017595289624 -0.000003029295281 -0.000008418468383 -0.000020144173299 -0.000008693480352 -0.000008665838728 -0.000005866815259 -0.000004529447049 -43669284171499480.000000000000000 -0.000005006193537 -0.000004694246823 -0.000003351212474 
0.000001156054233 0.000001567033736 0.000001835413140 0.000001195813094 0.000000718705214 0.000000868593730 0.000001500422901 0.000001829922134 0.000001880777173 -0.000015473317307 0.000003654757367 -0.000001096460840 0.000001032105479 0.000000692339580 0.000001329770489 0.000001470926361 0.000001377895872 0.000000347172600 0.000000606793410 0.000000758655091 0.000001590058672 0.000000569398611 0.000001360646917 -0.000000063946136 0.000001099150673 0.000001368117597 0.000000893559351 0.000000981260866 0.000000694510579 0.000000777853854 0.000001473660252 0.000001149536037 0.000001313547389 0.000001431061289 0.000001039878205 0.000000542978807 0.000000645550399 0.000000611443671 -7574530190983240.000000000000000 0.000000547530673 0.000000517209293 0.000000337694076 
0.000000606878207 0.000001239644881 0.000002614025180 0.000004402850045 0.000139167584844 0.000004425092694 0.000000682816140 0.000001191606867 0.000000393517790 0.000008251501859 -0.000001096460840 0.000305848219439 0.000000078667403 -0.000000916468922 -0.000000438730963 -0.000000458923111 -0.000000379655073 0.000000977463762 -0.000000954080517 0.000000044141033 0.000000840599639 -0.000000071977835 -0.000003089771800 -0.000000905559204 0.000000665923616 0.000000312277324 -0.000000423436929 -0.000000834726451 -0.000000069285400 -0.000001063283671 -0.000000904365341 0.000000610946848 0.000000645083240 0.000001577927773 -0.000000480159998 0.000000126132839 0.000000040763353 0.000000336790858 89621753120543008.000000000000000 0.000000157914968 0.000000004159767 0.000000035855454 
0.000000888323077 0.000001019077338 0.000000959010267 0.000000969073867 0.000001275564290 0.000000539015300 0.000000939692531 0.000001247409270 0.000001085542675 -0.000012101217210 0.000001032105479 0.000000078667403 0.000001075941585 0.000000500238565 0.000000761680532 0.000001097888569 0.000000945456155 0.000000291407547 0.000000891496722 0.000000375611784 0.000001141502140 0.000000385494948 0.000000808419182 -0.000000012454857 0.000000670279058 0.000000843014838 0.000000742853570 0.000000782154473 0.000000511939039 0.000000482136071 0.000000836712905 0.000000993999072 0.000001122659776 0.000001024927843 0.000000606675129 0.000000406125129 0.000000461008602 0.000000452569214 -3649169285562855.500000000000000 0.000000413276509 0.000000379685375 0.000000244169746 
0.000000516068942 0.000000623405117 0.000000798557280 0.000000773372762 0.000000581710001 0.000000841416521 0.000000626546378 0.000000789150224 0.000000722817391 -0.000008630918791 0.000000692339580 -0.000000916468922 0.000000500238565 0.000001358135476 0.000000519726561 0.000000574444722 0.000000425375117 0.000000119186393 0.000000680829024 0.000000355544233 0.000000734341595 0.000000304297253 0.000000424767693 0.000000023657359 0.000000479164090 0.000001210841392 0.000000421246712 0.000000457656254 0.000000269486575 0.000000442150091 0.000000583714660 0.000000565723579 0.000000715354006 0.000000671265302 0.000000353983131 0.000000417567740 0.000000271971648 0.000000272117964 1903493505671005.250000000000000 0.000000255996336 0.000000224459477 0.000000147678691 
0.000000943205340 0.000001231374414 0.000000788710944 0.000000612515414 0.000001181899396 0.000000914357673 0.000001119600797 0.000001298257995 0.000001304474250 -0.000010616677340 0.000001329770489 -0.000000438730963 0.000000761680532 0.000000519726561 0.000001744945015 0.000001015055741 0.000001096482468 0.000000198728891 0.000000837659740 0.000000918073336 0.000001629355074 -0.000000118311615 0.000000577288924 -0.000000119581814 0.000000816613903 0.000001043562515 0.000000794277810 0.000000787358589 0.000000625281616 0.000000203720479 0.000001006534834 0.000000879434826 0.000001289682282 0.000001177086148 0.000000763876303 0.000000450230602 0.000000530757302 0.000000508446489 -5418312401888161.000000000000000 0.000000460590664 0.000000415221345 0.000000283438472 
0.000001104419941 0.000001336569089 0.000001780228258 0.000001244607598 0.000001315202865 0.000000654225408 0.000001201813742 0.000001590629509 0.000001636079806 -0.000011611386316 0.000001470926361 -0.000000458923111 0.000001097888569 0.000000574444722 0.000001015055741 0.000001883543558 0.000001523354782 0.000000167577443 0.000000587786792 0.000000607948054 0.000001579912589 0.000000662740500 0.000001254608398 -0.000000033871635 0.000000916955389 0.000001156569267 0.000000777646636 0.000000764654841 0.000000574926414 0.000000836966262 0.000001222817301 0.000001105959713 0.000001232515529 0.000001506708124 0.000000985491952 0.000000296123876 0.000000587148605 0.000000563146806 -6939446895523865.000000000000000 0.000000514211373 0.000000476417608 0.000000301344870 
0.000000981395444 0.000001092770619 0.000001336647049 0.000001041641263 0.000001374145964 0.000000514657169 0.000000984264702 0.000001298374291 0.000001361757295 -0.000016944115433 0.000001377895872 -0.000000379655073 0.000000945456155 0.000000425375117 0.000001096482468 0.000001523354782 0.000001636367787 0.000000485650585 0.000000294582770 0.000000698192192 0.000001146109009 0.000000070953412 0.000001361782882 0.000000052039261 0.000000719267989 0.000001023077234 0.000000560059022 0.000000630765804 0.000000579294672 0.000000420770652 0.000000990768869 0.000000828699884 0.000001002818516 0.000001345108258 0.000000878678026 0.000000367997262 0.000000520320441 0.000000486156572 -7465011780275483.000000000000000 0.000000456637482 0.000000425628638 0.000000275996606 
0.000000161306509 0.000000306925183 0.000000086595197 0.000000253103404 0.000001284796730 0.000000207809129 0.000000279239889 0.000000277136058 0.000000254125719 -0.000011629374723 0.000000347172600 0.000000977463762 0.000000291407547 0.000000119186393 0.000000198728891 0.000000167577443 0.000000485650585 0.000001231136399 0.000000098996600 0.000000083239339 0.000000661016132 0.000000084164756 0.000000542347313 0.000000011700827 0.000000180811714 0.000000219370868 0.000000125221215 0.000000366508219 0.000000265472322 0.000000139636773 0.000000141209686 0.000000233533650 0.000000298257019 0.000000258125176 0.000000206410200 0.000000546669268 0.000000125097812 0.000000155988351 -1297474992516671.750000000000000 0.000000127850215 0.000000131900625 0.000000099916428 
0.000000742111629 0.000000982241760 0.000000699583315 0.000000948895951 -0.000000409387732 0.000000717094335 0.000000730540928 0.000001030292844 0.000000835444342 0.000003379188367 0.000000606793410 -0.000000954080517 0.000000891496722 0.000000680829024 0.000000837659740 0.000000587786792 0.000000294582770 0.000000098996600 0.000002518834380 0.000000395191998 0.000000696968121 0.000000715159291 0.000000242826303 -0.000000078236236 0.000000557485601 0.000000750322866 0.000000925254622 0.000000550471458 0.000000337896497 0.000000633783582 0.000000621673197 0.000001002374878 0.000001229751821 0.000000487263983 0.000000258705779 0.000000795000640 0.000000390145505 0.000000378773457 937503874549428.500000000000000 0.000000366420890 0.000000322180241 0.000000210204400 
0.000000523531077 0.000000606419227 0.000000658672620 0.000000413252758 0.000000662223266 0.000000510146862 0.000000636397501 0.000000699136021 0.000000838357965 -0.000003434825468 0.000000758655091 0.000000044141033 0.000000375611784 0.000000355544233 0.000000918073336 0.000000607948054 0.000000698192192 0.000000083239339 0.000000395191998 0.000000909094369 0.000000961757710 -0.000000005917338 0.000000129943495 0.000000133304516 0.000000516739476 0.000000719210834 0.000000285678201 0.000000333511164 0.000000368045393 0.000000113057078 0.000000649935505 0.000000506172348 0.000000700539596 0.000000894327055 0.000000380953258 0.000000464645131 0.000000302787820 0.000000293197772 -3146246010113958.500000000000000 0.000000273353145 0.000000238256642 0.000000160932628 
0.000001173840101 0.000002423392217 0.000001878066595 0.000001233368584 0.000001652545694 0.000001647373427 0.000002182330391 0.000002552153031 0.000001903117220 -0.000023993070750 0.000001590058672 0.000000840599639 0.000001141502140 0.000000734341595 0.000001629355074 0.000001579912589 0.000001146109009 0.000000661016132 0.000000696968121 0.000000961757710 0.000011132156939 0.000000999995828 -0.000000273850667 0.000000037160920 0.000001735796354 0.000001565574392 0.000001363120359 0.000002063529174 0.000001211803007 0.000000650355881 0.000001698574470 0.000001696436905 0.000002225522533 0.000001617701458 0.000000996969669 0.000000405251343 0.000000792469459 0.000000949912346 -8982096461463837.000000000000000 0.000000740324035 0.000000663183510 0.000000457626615 
0.000000425937359 0.000000414599207 0.000000857618969 0.000000450712535 0.000000272405662 0.000000353040609 0.000000415882176 0.000000764530496 0.000001057789949 -0.000009661331678 0.000000569398611 -0.000000071977835 0.000000385494948 0.000000304297253 -0.000000118311615 0.000000662740500 0.000000070953412 0.000000084164756 0.000000715159291 -0.000000005917338 0.000000999995828 0.000002991296276 -0.000000181592749 -0.000000058876739 0.000000594637338 0.000000463430590 0.000000545524622 -0.000000087428018 0.000000183740987 0.000002104030864 0.000000779178690 0.000000558562648 0.000000484240331 0.000000404054853 0.000000296156926 -0.000000089496276 0.000000191699076 0.000000240716008 5221138548755524.000000000000000 0.000000179364540 0.000000157057481 0.000000112944595 
0.000000852279913 0.000001041931405 0.000001122459761 0.000000836171553 -0.000000125905189 -0.000000152400911 0.000000883646050 0.000001149863529 0.000000909172575 -0.000010268538672 0.000001360646917 -0.000003089771800 0.000000808419182 0.000000424767693 0.000000577288924 0.000001254608398 0.000001361782882 0.000000542347313 0.000000242826303 0.000000129943495 -0.000000273850667 -0.000000181592749 0.000003179347089 0.000000083458579 0.000000385512151 0.000000582215051 0.000000456561908 0.000000609454064 0.000000304737492 0.000000687642716 0.000000803404513 0.000000452257424 0.000000750583705 0.000000583379944 0.000001035045614 0.000000294826369 0.000000409893294 0.000000337313112 -5982738924759270.000000000000000 0.000000325599732 0.000000350757528 0.000000205292087 
0.000000032400393 -0.000000165051553 -0.000000355570524 -0.000000038639516 -0.000000544051618 -0.000000316950459 0.000000041128569 -0.000000067603725 -0.000000051550647 0.000008644620342 -0.000000063946136 -0.000000905559204 -0.000000012454857 0.000000023657359 -0.000000119581814 -0.000000033871635 0.000000052039261 0.000000011700827 -0.000000078236236 0.000000133304516 0.000000037160920 -0.000000058876739 0.000000083458579 0.000001332738286 -0.000000017638770 -0.000000040565849 -0.000000028400218 0.000000089059100 -0.000000031810990 0.000000089051816 -0.000000065930612 0.000000020257497 -0.000000010578343 0.000000012013798 -0.000000037774107 -0.000000053072674 -0.000000008757291 -0.000000006055282 -3391365615389822.500000000000000 0.000000001317630 0.000000009093871 0.000000009141456 
0.000000742891481 0.000001000759593 0.000001062492722 0.000000730628793 0.000001104768516 0.000000695769203 0.000000928551594 0.000001189970725 0.000001245649596 -0.000006629301506 0.000001099150673 0.000000665923616 0.000000670279058 0.000000479164090 0.000000816613903 0.000000916955389 0.000000719267989 0.000000180811714 0.000000557485601 0.000000516739476 0.000001735796354 0.000000594637338 0.000000385512151 -0.000000017638770 0.000000952898301 0.000000969142417 0.000000625348646 0.000000724100250 0.000000449735282 0.000000548120130 0.000000950509229 0.000000897741197 0.000001015420073 0.000001075752282 0.000000586456500 0.000000329802706 0.000000434746321 0.000000441328708 -4618732863886719.000000000000000 0.000000382368984 0.000000343659069 0.000000232617869 
0.000001029705021 0.000001107947871 0.000001235008807 0.000001066182834 0.000001766756416 0.000001186482127 0.000000997314235 0.000001497736177 0.000001628317201 -0.000013256295614 0.000001368117597 0.000000312277324 0.000000843014838 0.000001210841392 0.000001043562515 0.000001156569267 0.000001023077234 0.000000219370868 0.000000750322866 0.000000719210834 0.000001565574392 0.000000463430590 0.000000582215051 -0.000000040565849 0.000000969142417 0.000001756310147 0.000000661856462 0.000000667200769 0.000000544337622 0.000000505042330 0.000001241365704 0.000001117758345 0.000001228553190 0.000001522116497 0.000000639424336 0.000000496373229 0.000000530605352 0.000000532188158 -2394045033261949.500000000000000 0.000000489023650 0.000000421631384 0.000000286243379 
0.000000688825712 0.000000958715321 0.000000770974486 0.000000710947463 0.000000825647137 0.000000492746852 0.000000888931477 0.000001062620259 0.000000911296824 -0.000007240981085 0.000000893559351 -0.000000423436929 0.000000742853570 0.000000421246712 0.000000794277810 0.000000777646636 0.000000560059022 0.000000125221215 0.000000925254622 0.000000285678201 0.000001363120359 0.000000545524622 0.000000456561908 -0.000000028400218 0.000000625348646 0.000000661856462 0.000000817632118 0.000000833050155 0.000000455668259 0.000000599548888 0.000000744303105 0.000000833152633 0.000001044985505 0.000000615658793 0.000000494593231 0.000000292965875 0.000000383483817 0.000000386693568 -3102974857422096.000000000000000 0.000000338434435 0.000000317428591 0.000000210021195 
0.000000594082273 0.000001142433844 0.000000804672798 0.000000673872235 0.000000787633956 0.000000437313208 0.000001178656872 0.000001113884020 0.000000862283263 0.000000811400258 0.000000981260866 -0.000000834726451 0.000000782154473 0.000000457656254 0.000000787358589 0.000000764654841 0.000000630765804 0.000000366508219 0.000000550471458 0.000000333511164 0.000002063529174 -0.000000087428018 0.000000609454064 0.000000089059100 0.000000724100250 0.000000667200769 0.000000833050155 0.000001897576597 0.000000570248088 0.000000222118385 0.000000848923699 0.000000984614354 0.000001226733161 0.000000672145492 0.000000553129071 0.000000564853377 0.000000430374620 0.000000453335161 -7166454036198345.000000000000000 0.000000380939916 0.000000366655666 0.000000240817326 
0.000000488598093 0.000000605738918 0.000000386377302 0.000000406172160 0.000000870550950 0.000000374222185 0.000000629272761 0.000000654030094 0.000000642971194 -0.000012687168569 0.000000694510579 -0.000000069285400 0.000000511939039 0.000000269486575 0.000000625281616 0.000000574926414 0.000000579294672 0.000000265472322 0.000000337896497 0.000000368045393 0.000001211803007 0.000000183740987 0.000000304737492 -0.000000031810990 0.000000449735282 0.000000544337622 0.000000455668259 0.000000570248088 0.000000491551187 0.000000180788603 0.000000559205244 0.000000507160582 0.000000693094508 0.000000616491008 0.000000342640458 0.000000271248795 0.000000277934779 0.000000284268199 -4067022746552594.000000000000000 0.000000254082682 0.000000234992774 0.000000161259818 
0.000000492695082 0.000000688944152 0.000001093301700 0.000000967672735 -0.000001144195879 0.000000276159282 0.000000574098769 0.000000864180868 0.000001057212115 -0.000008235091821 0.000000777853854 -0.000001063283671 0.000000482136071 0.000000442150091 0.000000203720479 0.000000836966262 0.000000420770652 0.000000139636773 0.000000633783582 0.000000113057078 0.000000650355881 0.000002104030864 0.000000687642716 0.000000089051816 0.000000548120130 0.000000505042330 0.000000599548888 0.000000222118385 0.000000180788603 0.000002879493301 0.000000775271875 0.000000660230430 0.000000660019328 0.000000465832480 0.000000503953830 0.000000068236010 0.000000258473325 0.000000284343057 575407431510806.375000000000000 0.000000236998882 0.000000226329470 0.000000147537511 
0.000001159129232 0.000001591475899 0.000003120051600 0.000001098478717 0.000001827650882 0.000001008449721 0.000001085489492 0.000001506619673 0.000001985013683 -0.000017595289624 0.000001473660252 -0.000000904365341 0.000000836712905 0.000000583714660 0.000001006534834 0.000001222817301 0.000000990768869 0.000000141209686 0.000000621673197 0.000000649935505 0.000001698574470 0.000000779178690 0.000000803404513 -0.000000065930612 0.000000950509229 0.000001241365704 0.000000744303105 0.000000848923699 0.000000559205244 0.000000775271875 0.000003412697525 0.000001122439637 0.000001455013177 0.000001446879579 0.000000782150731 0.000000440461051 0.000000571949013 0.000000593753531 -5665708285498959.000000000000000 0.000000516734914 0.000000447338167 0.000000292112292 
0.000000934945165 0.000001179725432 0.000001223060617 0.000001166295381 0.000001308210533 0.000000814542965 0.000001044698740 0.000001447357523 0.000001451153005 -0.000003029295281 0.000001149536037 0.000000610946848 0.000000993999072 0.000000565723579 0.000000879434826 0.000001105959713 0.000000828699884 0.000000233533650 0.000001002374878 0.000000506172348 0.000001696436905 0.000000558562648 0.000000452257424 0.000000020257497 0.000000897741197 0.000001117758345 0.000000833152633 0.000000984614354 0.000000507160582 0.000000660230430 0.000001122439637 0.000001372299712 0.000001353241504 0.000001283653501 0.000000545858156 0.000000515679126 0.000000517504581 0.000000537458991 -4325490665794625.000000000000000 0.000000481605406 0.000000425150861 0.000000283881656 
0.000001387648166 0.000001552930878 0.000001359206358 0.000001289203007 0.000001953909177 0.000000886894948 0.000001443721360 0.000001714686129 0.000001533876931 -0.000008418468383 0.000001313547389 0.000000645083240 0.000001122659776 0.000000715354006 0.000001289682282 0.000001232515529 0.000001002818516 0.000000298257019 0.000001229751821 0.000000700539596 0.000002225522533 0.000000484240331 0.000000750583705 -0.000000010578343 0.000001015420073 0.000001228553190 0.000001044985505 0.000001226733161 0.000000693094508 0.000000660019328 0.000001455013177 0.000001353241504 0.000002032611827 0.000001362138346 0.000000753604238 0.000000550921381 0.000000648476267 0.000000693197299 -5509843524818921.000000000000000 0.000000607929154 0.000000524293118 0.000000347126752 
0.000001284731043 0.000001286961890 0.000001598295089 0.000001064691708 0.000002523120954 0.000001015739968 0.000001141357645 0.000001667168314 0.000002371221997 -0.000020144173299 0.000001431061289 0.000001577927773 0.000001024927843 0.000000671265302 0.000001177086148 0.000001506708124 0.000001345108258 0.000000258125176 0.000000487263983 0.000000894327055 0.000001617701458 0.000000404054853 0.000000583379944 0.000000012013798 0.000001075752282 0.000001522116497 0.000000615658793 0.000000672145492 0.000000616491008 0.000000465832480 0.000001446879579 0.000001283653501 0.000001362138346 0.000003300490945 0.000000773866279 0.000000531943626 0.000000606169495 0.000000609844482 -6115663181744796.000000000000000 0.000000548853036 0.000000466999766 0.000000311559223 
0.000000640376300 0.000000913812264 0.000000919002715 0.000000487884837 0.000000969211898 0.000000345963241 0.000000829764661 0.000001012395813 0.000000971828300 -0.000008693480352 0.000001039878205 -0.000000480159998 0.000000606675129 0.000000353983131 0.000000763876303 0.000000985491952 0.000000878678026 0.000000206410200 0.000000258705779 0.000000380953258 0.000000996969669 0.000000296156926 0.000001035045614 -0.000000037774107 0.000000586456500 0.000000639424336 0.000000494593231 0.000000553129071 0.000000342640458 0.000000503953830 0.000000782150731 0.000000545858156 0.000000753604238 0.000000773866279 0.000000754130713 0.000000241321780 0.000000370839140 0.000000348420959 -2590807450572405.500000000000000 0.000000302183798 0.000000292855882 0.000000182452794 
0.000000226748438 0.000000556700404 0.000000258961484 0.000000139177987 0.000000223237540 0.000000348814458 0.000000435232742 0.000000442661182 0.000000545543192 -0.000008665838728 0.000000542978807 0.000000126132839 0.000000406125129 0.000000417567740 0.000000450230602 0.000000296123876 0.000000367997262 0.000000546669268 0.000000795000640 0.000000464645131 0.000000405251343 -0.000000089496276 0.000000294826369 -0.000000053072674 0.000000329802706 0.000000496373229 0.000000292965875 0.000000564853377 0.000000271248795 0.000000068236010 0.000000440461051 0.000000515679126 0.000000550921381 0.000000531943626 0.000000241321780 0.000001257325158 0.000000240233751 0.000000231512019 -3279456482043457.000000000000000 0.000000215626214 0.000000199271784 0.000000128320424 
0.000000505644011 0.000000609620267 0.000000582391359 0.000000447141668 0.000000750156305 0.000000340466518 0.000000546229719 0.000000708373295 0.000000699785427 -0.000005866815259 0.000000645550399 0.000000040763353 0.000000461008602 0.000000271971648 0.000000530757302 0.000000587148605 0.000000520320441 0.000000125097812 0.000000390145505 0.000000302787820 0.000000792469459 0.000000191699076 0.000000409893294 -0.000000008757291 0.000000434746321 0.000000530605352 0.000000383483817 0.000000430374620 0.000000277934779 0.000000258473325 0.000000571949013 0.000000517504581 0.000000648476267 0.000000606169495 0.000000370839140 0.000000240233751 0.000000269381928 0.000000266691023 -2389210399800078.500000000000000 0.000000237960882 0.000000214777998 0.000000140844007 
0.000000535572966 0.000000613531512 0.000000648544888 0.000000514695096 0.000000902684427 0.000000353411574 0.000000551430787 0.000000775340004 0.000000696914633 -0.000004529447049 0.000000611443671 0.000000336790858 0.000000452569214 0.000000272117964 0.000000508446489 0.000000563146806 0.000000486156572 0.000000155988351 0.000000378773457 0.000000293197772 0.000000949912346 0.000000240716008 0.000000337313112 -0.000000006055282 0.000000441328708 0.000000532188158 0.000000386693568 0.000000453335161 0.000000284268199 0.000000284343057 0.000000593753531 0.000000537458991 0.000000693197299 0.000000609844482 0.000000348420959 0.000000231512019 0.000000266691023 0.000000280859636 -2052283465138875.250000000000000 0.000000242497965 0.000000214972981 0.000000142423123 
-4867971064880746.000000000000000 -5319431066903913.000000000000000 -161774125773227.937500000000000 -9646301995779374.000000000000000 64500038662028184.000000000000000 -11480822416296688.000000000000000 -9919720279472902.000000000000000 -3176649543463597.500000000000000 -3144273331271254.500000000000000 -43669284171499480.000000000000000 -7574530190983240.000000000000000 89621753120543008.000000000000000 -3649169285562855.500000000000000 1903493505671005.250000000000000 -5418312401888161.000000000000000 -6939446895523865.000000000000000 -7465011780275483.000000000000000 -1297474992516671.750000000000000 937503874549428.500000000000000 -3146246010113958.500000000000000 -8982096461463837.000000000000000 5221138548755524.000000000000000 -5982738924759270.000000000000000 -3391365615389822.500000000000000 -4618732863886719.000000000000000 -2394045033261949.500000000000000 -3102974857422096.000000000000000 -7166454036198345.000000000000000 -4067022746552594.000000000000000 575407431510806.375000000000000 -5665708285498959.000000000000000 -4325490665794625.000000000000000 -5509843524818921.000000000000000 -6115663181744796.000000000000000 -2590807450572405.500000000000000 -3279456482043457.000000000000000 -2389210399800078.500000000000000 -2052283465138875.250000000000000 2628648842165072943905059922184882880512.000000000000000 -2140672785655554.750000000000000 -1970787095993498.250000000000000 -1366071067742420.750000000000000 
0.000000467774654 0.000000534127077 0.000000530050576 0.000000440676861 0.000000734261110 0.000000337287971 0.000000479769685 0.000000617798196 0.000000614975807 -0.000005006193537 0.000000547530673 0.000000157914968 0.000000413276509 0.000000255996336 0.000000460590664 0.000000514211373 0.000000456637482 0.000000127850215 0.000000366420890 0.000000273353145 0.000000740324035 0.000000179364540 0.000000325599732 0.000000001317630 0.000000382368984 0.000000489023650 0.000000338434435 0.000000380939916 0.000000254082682 0.000000236998882 0.000000516734914 0.000000481605406 0.000000607929154 0.000000548853036 0.000000302183798 0.000000215626214 0.000000237960882 0.000000242497965 -2140672785655554.750000000000000 0.000000219140391 0.000000193704916 0.000000128429235 
0.000000403489303 0.000000488080786 0.000000492776403 0.000000389836208 0.000000632571243 0.000000273559878 0.000000446564191 0.000000562082232 0.000000544023278 -0.000004694246823 0.000000517209293 0.000000004159767 0.000000379685375 0.000000224459477 0.000000415221345 0.000000476417608 0.000000425628638 0.000000131900625 0.000000322180241 0.000000238256642 0.000000663183510 0.000000157057481 0.000000350757528 0.000000009093871 0.000000343659069 0.000000421631384 0.000000317428591 0.000000366655666 0.000000234992774 0.000000226329470 0.000000447338167 0.000000425150861 0.000000524293118 0.000000466999766 0.000000292855882 0.000000199271784 0.000000214777998 0.000000214972981 -1970787095993498.250000000000000 0.000000193704916 0.000000177013994 0.000000116477934 
0.000000263027832 0.000000315640811 0.000000305873677 0.000000252297839 0.000000424742656 0.000000195901622 0.000000292356561 0.000000366363988 0.000000363079904 -0.000003351212474 0.000000337694076 0.000000035855454 0.000000244169746 0.000000147678691 0.000000283438472 0.000000301344870 0.000000275996606 0.000000099916428 0.000000210204400 0.000000160932628 0.000000457626615 0.000000112944595 0.000000205292087 0.000000009141456 0.000000232617869 0.000000286243379 0.000000210021195 0.000000240817326 0.000000161259818 0.000000147537511 0.000000292112292 0.000000283881656 0.000000347126752 0.000000311559223 0.000000182452794 0.000000128320424 0.000000140844007 0.000000142423123 -1366071067742420.750000000000000 0.000000128429235 0.000000116477934 0.000000078554858 
