0.000000988935669
0.000000896795904
0.000000800918035
0.000000878782451
0.000000660843888
0.000000796042196
0.000000585137144
0.000000137142099
0.000003829942684
0.000002627825918
0.000002889337933
0.000002222659919
0.000002214207986
0.000002179266620
0.000001210257311
0.000001480820584
0.000000403262752
0.000000866026636
0.000002075293967
0.000001302364591
0.000001158433847
0.000002384927693
0.000003372209106
0.000000000000000
0.000004125155234
0.000987338367970
0.000005686013738
0.000000000000000
0.000000000000000
0.000007107503341
0.000000000000000
0.000000000000000
0.000006366518620
0.000043407363409
0.000002532788532
0.000011549304681
0.000001777255330
0.000000891642344
0.000002461160231
0.000000000000000
0.000001929190212
0.000007407855065
0.000002743462550
0.000002388109922
0.000000401797798
0.000002739132416
0.000000000000000
0.000000000000000
0.000000443508231
0.000000491478696
0.000000389380469
0.000000409698548
0.000000364061434
0.000000318892470
0.000000256689315
0.000000137401728
