1.000000000000000 0.865917607088098 0.842263182632799 0.822875986536706 0.737576480229563 0.741569729970750 0.853042141869331 0.895947460462054 0.827905324497352 0.867378649467079 0.803855575387214 0.825132340765821 0.697862659921268 0.802658196191509 0.836985545913617 0.796660879802691 0.299589431930845 0.166787000281853 0.151930435071854 0.488418906428192 -0.000798216743840 0.395464648763808 0.105065369010346 0.035223576437171 0.364293026535586 0.015834605972410 0.530085334014474 -0.089340082001170 -0.001663047458258 0.143420381974688 0.045192483537407 0.003086516633245 0.242645099509988 0.106833857359878 0.659244348044328 0.170624290447072 0.436579872861547 0.173902648966199 0.362863159097470 0.079957076147581 0.585561657422319 0.130601736982230 0.599994423834794 0.689156100787426 0.073019147699315 0.163831627922122 0.009248470619059 NaN 0.886397725738740 0.826418158621731 0.914923187348732 0.913234820379920 0.886314005794678 0.873994364576973 0.907396060112989 0.863644932514300 
0.865917607088098 1.000000000000000 0.832232851063011 0.889860648746328 0.741354136608681 0.748164861503890 0.841340955881334 0.666336925771160 0.917750517889549 0.817589067862274 0.915461991581062 0.843039017525457 0.706820655200625 0.836371578020998 0.855922308054218 0.769938355019379 0.211481762703362 0.305994265305141 0.320628194361087 0.465656314517058 -0.004234678331842 0.408739136426685 0.356126146705906 -0.057337611375923 0.333074104715802 0.237179863733863 0.371008272161832 -0.043805499956415 0.081136803019977 0.283255896634950 -0.033012749967952 -0.080544311261087 0.224894962575447 0.136315627722365 0.491659881894267 0.236704976165599 0.496042514376497 0.306083920595176 0.349923605078529 0.014080275099015 0.518806622936169 0.163244829915283 0.598023302741407 0.599248805768080 0.090368763228136 0.303672065122281 0.047713404946784 NaN 0.926105089309489 0.897512079820485 0.931275989635661 0.940375978612296 0.906626083396048 0.928661456899941 0.907581317986187 0.898760883159458 
0.842263182632799 0.832232851063011 1.000000000000000 0.874700696010623 0.650028526576072 0.748442766175605 0.856756995823795 0.695768295616420 0.754052143434597 0.852255565773769 0.845484567834048 0.775460583388820 0.755294925023046 0.895225645201145 0.916122846935871 0.700236184046733 0.158723030005794 0.421505313953433 0.422307156241648 0.396818929353802 -0.010096666838123 0.526256037193597 0.220735877458295 0.042689157249598 0.352818340718169 0.027278612724577 0.304755289689095 -0.050508239157709 -0.034675861019281 0.389642411654255 0.003001208563864 0.035551431069640 0.221848303393040 0.074567404732288 0.456890034833186 0.382848438177367 0.540823646464302 0.452774332293499 0.254343081919412 0.059590291449738 0.695768719293690 0.207316798255448 0.713142390119126 0.750413707781166 0.025679725342798 0.401692938921656 -0.042948993784724 NaN 0.884297076210963 0.902942259536340 0.901800343553052 0.888464290498019 0.907597103521209 0.902366604546248 0.902062518372689 0.901330979214884 
0.822875986536706 0.889860648746328 0.874700696010623 1.000000000000000 0.679739168644702 0.773399837652396 0.821549321479286 0.637265382795286 0.904639947907089 0.845412383652610 0.893127650035621 0.796563114380535 0.774168902832049 0.852441689239197 0.879646501550430 0.807349840224830 0.176158281399965 0.493914189132392 0.441761831642052 0.283564565179195 -0.010540968092715 0.586833884627385 0.160581881902718 -0.009101871273350 0.167934296819971 0.178643891870416 0.461909935383957 0.033260013612707 0.013840518050734 0.472710873205967 0.014292837423319 -0.014454376981648 0.299433286123699 0.112000942933538 0.541338166273902 0.340221452918411 0.497741592547057 0.464583696786148 0.283866458399531 -0.040882489469769 0.536886256613943 0.224903968490516 0.585080300738635 0.501114621367061 0.054233267003255 0.496778539012334 -0.050695860921463 NaN 0.922994038772382 0.930790464642273 0.913615933528994 0.914422262139522 0.914772601658323 0.908470306897318 0.906725141954435 0.893719365182162 
0.737576480229563 0.741354136608681 0.650028526576072 0.679739168644702 1.000000000000000 0.639787420685694 0.667486517928217 0.592548566270868 0.694674413532557 0.722747684766352 0.675132770858275 0.766905285160551 0.531478948166778 0.680967996239827 0.675289650009804 0.706474594604875 0.198710044531430 0.208498803709769 0.171929245492128 0.436843590288564 -0.012158713127772 0.431720162753003 0.204935600833465 -0.082362476301135 0.427475883259204 0.018567756046543 0.368276877370950 0.070182287843458 0.204845318723574 0.191493407536608 0.166427744514267 -0.205807485910318 0.298472103037178 0.131267349679621 0.562786601141149 0.108162376548440 0.462572141612719 0.172054126344267 0.355876431166117 -0.077411168958243 0.299905473786892 0.139154124303535 0.575260131279802 0.484354160786279 0.141001572376450 0.223183223408561 0.152234354683696 NaN 0.765017915611604 0.726713220811839 0.787292291989593 0.774178910556990 0.750018065998802 0.764601395137341 0.771819242596676 0.739630479492112 
0.741569729970750 0.748164861503890 0.748442766175605 0.773399837652396 0.639787420685694 1.000000000000000 0.720127198611893 0.605449233012859 0.704758292092080 0.790144346526236 0.747604880623382 0.659124154105857 0.902079984596631 0.784286374299080 0.783201370253886 0.713041367400461 0.104909327429804 0.476023960954531 0.477353117445594 0.314329339406537 -0.013926813066525 0.498622733543509 0.193244738137327 0.050768215861010 0.274179601349213 0.009334583152346 0.384795965513485 0.134041637164155 0.037637182528491 0.456429421035733 -0.025176145987260 -0.039864413399638 0.209428220571557 0.077557332803715 0.496817963652512 0.092694222814909 0.568926002015590 0.479504653128204 0.300285652371915 -0.141573197268244 0.480087542548175 0.196763948190727 0.572723991187112 0.490354056947544 0.084279350223037 0.449759391249070 -0.110451262394843 NaN 0.811114858679827 0.827902595787296 0.826754294167818 0.812953140838555 0.803073438267296 0.791156549502560 0.795515535150801 0.795927595727804 
0.853042141869331 0.841340955881335 0.856756995823795 0.821549321479286 0.667486517928216 0.720127198611893 1.000000000000000 0.750069773824040 0.767550695732988 0.830945659264359 0.883285841781569 0.880639799939225 0.723721219728104 0.844850898218013 0.829081308865226 0.729495554212999 0.123907297397269 0.219201207185594 0.209819250540186 0.347273572850243 -0.013246323359187 0.316515332038736 0.133532014717795 0.067423358136632 0.336285696932506 0.290412891290666 0.379751437930148 -0.130020318834515 -0.050579348137486 0.198172601700766 0.043491702052276 0.052721883822446 0.396696866610269 0.100583322073295 0.489894201070968 0.174239823648550 0.361517307771054 0.261301619611670 0.315489647169235 0.134725931644183 0.578173249461671 0.128488214047326 0.658912742739880 0.702129041035517 0.074519694347533 0.228772423010548 0.040443463482261 NaN 0.885968402741942 0.845816266764635 0.899590871447260 0.893014328686268 0.892840182937913 0.895550000975595 0.912778600740594 0.900522522558690 
0.895947460462054 0.666336925771159 0.695768295616420 0.637265382795286 0.592548566270867 0.605449233012859 0.750069773824040 1.000000000000000 0.644181764979843 0.772194586702987 0.664674665592339 0.757679295985598 0.489204828848922 0.603847432847382 0.694589547113696 0.696630277811979 0.190497057024377 0.014911903314776 0.015250336853857 0.346504121877797 0.003903379730146 0.178054081609902 0.074714836170225 0.132843548056204 0.269397607719360 0.009211168464429 0.707873256711753 -0.031186421999553 -0.050952595027443 0.001773698917349 -0.029338852095336 0.051480714384492 0.198582753244827 0.053394315434118 0.762554953577198 0.051630333751491 0.248695280868989 0.022929986111641 0.314468056642571 0.039335179664127 0.525966236021012 0.056190959701362 0.477156701520262 0.609237012962209 0.071575544886612 0.017342947531720 -0.011606033680401 NaN 0.737264730321369 0.635794753345577 0.745021331354397 0.742273169442584 0.709654678468740 0.692537974345819 0.757655620112911 0.690351656162136 
0.827905324497352 0.917750517889549 0.754052143434597 0.904639947907089 0.694674413532557 0.704758292092080 0.767550695732988 0.644181764979843 1.000000000000000 0.784780874212124 0.920212277282315 0.855567531029425 0.668216689365544 0.748638217417953 0.787824540921653 0.734470080739126 0.229450103021637 0.355963971629866 0.345518990905927 0.424948551601643 -0.009890800372790 0.496275349104041 0.141933743965267 -0.032321286344901 0.337469459330391 0.369156473347754 0.430366849101449 0.031319562443271 -0.023365823605356 0.346704460167429 -0.051437631650733 0.022820638663176 0.213491501784887 0.130215083409528 0.575260991513929 0.209359839160982 0.535306836960132 0.351860651579429 0.257853502468735 -0.028096847011462 0.438399378017659 0.175031154203892 0.567729460045882 0.489012190734353 0.046580583774493 0.366787419996234 0.013197021763701 NaN 0.893547956003195 0.859780783932609 0.886630511574590 0.884956837102012 0.882640039646636 0.872552550806243 0.865613697988408 0.857282344987335 
0.867378649467079 0.817589067862274 0.852255565773769 0.845412383652609 0.722747684766352 0.790144346526236 0.830945659264360 0.772194586702987 0.784780874212124 1.000000000000000 0.850407652915906 0.754857232072184 0.709780611386775 0.924535924757413 0.871653872658271 0.863857615420671 0.235342632636713 0.502056630500124 0.407241749306583 0.454249049679712 -0.007357606769614 0.502208867123417 0.115205092908564 0.010014162645020 0.427707788820877 0.015687789693626 0.523923048881079 -0.021013066979444 0.060222848138367 0.455632112556387 -0.000582231940182 -0.059930572183382 0.282671937637438 0.082186648759064 0.620155449887060 0.020850105208051 0.601440875247504 0.435224787587141 0.383433050871681 0.001677381288056 0.549426381494526 0.195960579835917 0.726857572010650 0.584094763526900 -0.001925511205625 0.480003810909974 -0.022363142929430 NaN 0.872877008445823 0.897523421165403 0.895851030232110 0.893203341466633 0.884199408121174 0.864778524579485 0.882700174640116 0.878169934368841 
0.803855575387214 0.915461991581062 0.845484567834049 0.893127650035621 0.675132770858275 0.747604880623382 0.883285841781569 0.664674665592339 0.920212277282315 0.850407652915906 1.000000000000000 0.905969706134160 0.715904601894133 0.856162065436783 0.851627764153013 0.716709895216328 0.201133449583500 0.459321064030386 0.404854758548357 0.395486430520431 -0.008319241633504 0.487242553878554 0.224759653803421 0.039125967802755 0.324354630520445 0.440445395279429 0.355753367013364 -0.024824615472584 0.017755018025523 0.433542100605459 -0.091774112516296 -0.017330176384452 0.218448413373727 0.099685484640026 0.468808761300572 0.180621850212080 0.571549239493857 0.430400287433598 0.296096423622849 0.022800863502767 0.580183833766326 0.181729533380577 0.677132402417645 0.556809504910700 0.087975254535431 0.453372999055993 -0.004386732399853 NaN 0.928414811399792 0.923108084925002 0.915289997374104 0.914064880154893 0.934357693330665 0.928763422291052 0.911383043072608 0.931258875553215 
0.825132340765821 0.843039017525457 0.775460583388820 0.796563114380535 0.766905285160551 0.659124154105857 0.880639799939225 0.757679295985598 0.855567531029425 0.754857232072184 0.905969706134161 1.000000000000000 0.608754883356982 0.703927563204053 0.757920359412910 0.689514909325914 0.203150331998930 0.177711811728899 0.164634208889498 0.371473655202852 0.001492007061745 0.340580366175092 0.231095433797097 0.003546412169099 0.325872285169581 0.454886643943609 0.434024724549988 0.017672489422259 -0.010872086932143 0.166925231612620 0.114895337120230 0.010782071922583 0.224568864441605 0.107233221210420 0.545738777534575 0.152527265966738 0.338636423222801 0.201821094143548 0.210064023303498 0.009244949836816 0.529991221425381 0.109196905318653 0.612360932150504 0.590231662693904 0.070782066290407 0.225115660878418 0.051970321244031 NaN 0.875351725009875 0.799430064615262 0.857238657940367 0.858751628520319 0.867826900477533 0.865174149726941 0.880715079652022 0.857347808565994 
0.697862659921268 0.706820655200625 0.755294925023046 0.774168902832049 0.531478948166778 0.902079984596631 0.723721219728104 0.489204828848922 0.668216689365544 0.709780611386775 0.715904601894133 0.608754883356982 1.000000000000000 0.792829176421131 0.804509011940770 0.558739909610451 0.122269383620410 0.518938029674904 0.453641825989461 0.245437006019904 -0.006972639367859 0.518154572465918 0.100515435831716 -0.019274887531520 0.195642737476816 0.007826505077127 0.179255137811755 0.016901689246293 0.011456185980017 0.509371876712928 0.010244733387209 -0.011761237156451 0.244428154757105 0.091863254064033 0.270237682068562 0.149591070300980 0.490153612959079 0.491057952573276 0.130216021056789 -0.025335636863148 0.592222161017343 0.376465058302263 0.594165548697378 0.514939338861940 0.074896226158335 0.504541441088509 0.002946914649929 NaN 0.753578644436707 0.791118096342948 0.777785838639643 0.759652983483424 0.773979098000578 0.752381444463605 0.747817385291524 0.774789834534770 
0.802658196191509 0.836371578020998 0.895225645201145 0.852441689239197 0.680967996239827 0.784286374299080 0.844850898218013 0.603847432847382 0.748638217417953 0.924535924757413 0.856162065436783 0.703927563204053 0.792829176421131 1.000000000000000 0.905990835060608 0.740991621477836 0.262685444193610 0.553804818882805 0.518463482486321 0.455903256745617 -0.004735005620907 0.561030211340914 0.135211982893824 -0.045284407583755 0.348410104075467 0.012654479732209 0.246806097565342 -0.068205155061519 0.024296367282491 0.523101376590327 -0.016139497640240 -0.023207775491391 0.249099480887821 0.096651520726532 0.355257298463437 0.154020988260465 0.653483416769591 0.544351505609417 0.431739043481398 0.057157512894135 0.653312475134497 0.209783664298686 0.756143378355202 0.619932512084705 0.068391492991977 0.553578235463522 0.055410269450414 NaN 0.877312894150537 0.935250639867063 0.906111157018408 0.904501159399830 0.909644581468155 0.900767072672993 0.885619503116836 0.906693457728256 
0.836985545913617 0.855922308054218 0.916122846935871 0.879646501550430 0.675289650009804 0.783201370253886 0.829081308865226 0.694589547113696 0.787824540921653 0.871653872658271 0.851627764153013 0.757920359412910 0.804509011940770 0.905990835060608 1.000000000000000 0.744510713383990 0.197921443848319 0.441958222363600 0.443352236127332 0.398879466545741 -0.001704353248900 0.489858094688021 0.224122403470449 -0.011231742346299 0.319362437195162 0.019245063487471 0.393357018905500 -0.017922835637077 -0.111595938003689 0.444098334632407 -0.016027011628289 0.111971764722676 0.230828993105830 0.083409293518664 0.491011807818801 0.325591869968816 0.552737252839551 0.477215868993753 0.374840085515444 0.046133579562678 0.612011141616147 0.422989021784844 0.653751956855510 0.579229536688144 0.096132650148674 0.443053920661287 0.058383513692395 NaN 0.918711441243613 0.917345932890913 0.919008232629229 0.920393409291137 0.914650281667085 0.913899493673609 0.914379390630886 0.910963904942355 
0.796660879802691 0.769938355019378 0.700236184046733 0.807349840224830 0.706474594604875 0.713041367400462 0.729495554212999 0.696630277811979 0.734470080739126 0.863857615420671 0.716709895216328 0.689514909325914 0.558739909610451 0.740991621477836 0.744510713383990 1.000000000000000 0.192486600311385 0.294820123654791 0.230352777323807 0.339846809238534 -0.010867487748565 0.402378453188407 0.207955337239781 0.078870087660029 0.298438607592408 0.017909748039591 0.625478435685062 0.093532567992633 -0.008962846554726 0.289872524177866 0.180313852032257 0.007282268107548 0.279609174875258 0.097738268160187 0.695816316127310 0.045690307316435 0.407623156682084 0.275312598360086 0.406732401058864 -0.102633472763316 0.314118415733353 0.150240300496468 0.501075195404482 0.388519745468475 0.056356526198119 0.318793235875498 -0.242880348189060 NaN 0.811414530333649 0.789269206854537 0.814137772819541 0.837846497622209 0.783663637126377 0.787525226557697 0.813201270303920 0.763150559232717 
0.299589431930845 0.211481762703362 0.158723030005794 0.176158281399965 0.198710044531430 0.104909327429804 0.123907297397269 0.190497057024377 0.229450103021637 0.235342632636713 0.201133449583500 0.203150331998930 0.122269383620410 0.262685444193610 0.197921443848319 0.192486600311385 1.000000000000000 0.012953817485197 0.015491830058060 0.677996028653252 0.002736222828977 0.517493081392997 0.251541710121371 -0.045897747877164 -0.002187834785153 0.025784179718938 -0.029995079107484 -0.010170342711683 -0.047639128864566 0.006654366005788 0.157744033728649 0.047828206260356 0.115984176744041 0.004171729372738 -0.014895933891526 -0.011902105537573 0.291766619714836 0.011716823083456 0.422950129101291 0.013412249943179 0.192256660772669 0.029592793576253 0.367582588526546 0.005657832908220 -0.008949959900963 0.243166441982122 0.035708818486812 NaN 0.288910833765241 0.272290920476662 0.263740667945832 0.289956301770129 0.331379389934063 0.313203968474373 0.275964263534156 0.235707387709709 
0.166787000281853 0.305994265305141 0.421505313953433 0.493914189132392 0.208498803709769 0.476023960954531 0.219201207185594 0.014911903314776 0.355963971629866 0.502056630500124 0.459321064030386 0.177711811728899 0.518938029674904 0.553804818882805 0.441958222363600 0.294820123654791 0.012953817485197 1.000000000000000 0.756741919462008 0.015861452118386 0.007087714667492 0.608527016761356 0.023238877283720 0.029389954372871 0.016422123258898 0.004462432387326 0.044057409820843 -0.121739021823624 0.185129486423592 0.925525468279496 -0.080171338260798 -0.183082731798556 -0.002875566611717 -0.010819031421567 0.004655139809475 -0.025688373925730 0.656334321619983 0.827789957213106 0.006227218098962 0.086523023654561 0.327549816183232 0.263262897785939 0.359521232296426 -0.001248827948929 0.002407187654187 0.841135140127882 -0.026137255841163 NaN 0.367415304333566 0.556327029654517 0.370521286140783 0.363140530521734 0.424555972593163 0.378058254436193 0.346901592751710 0.454930071657051 
0.151930435071854 0.320628194361087 0.422307156241648 0.441761831642052 0.171929245492128 0.477353117445594 0.209819250540186 0.015250336853857 0.345518990905927 0.407241749306583 0.404854758548357 0.164634208889498 0.453641825989461 0.518463482486321 0.443352236127332 0.230352777323807 0.015491830058060 0.756741919462008 1.000000000000000 0.227319422723261 -0.008392763188923 0.489108370440839 0.011928159036281 -0.033834820301794 0.004723237526784 -0.009305053304782 -0.025778443682814 0.043786213617019 -0.013470345086546 0.743505125745815 0.041686838477184 0.012792722164669 -0.036207767588722 0.000859904939270 -0.025458476980296 0.085844249879990 0.716842984001902 0.940340318511052 0.267193356903513 -0.033865133459243 0.370507624517027 0.219875775848327 0.281019322392201 0.200770853189732 0.025808023311975 0.688149099815421 0.014824595634692 NaN 0.376425767591444 0.521794096579073 0.374728578986742 0.360684493745944 0.399574329287744 0.365864163691925 0.343807763865188 0.408198799144596 
0.488418906428192 0.465656314517058 0.396818929353802 0.283564565179195 0.436843590288564 0.314329339406537 0.347273572850243 0.346504121877797 0.424948551601643 0.454249049679712 0.395486430520431 0.371473655202852 0.245437006019904 0.455903256745617 0.398879466545741 0.339846809238534 0.677996028653253 0.015861452118386 0.227319422723261 1.000000000000000 -0.013352941837186 0.337832209100430 0.254348513916112 -0.004455642995030 0.574671610759467 0.008154540889641 -0.035968540939444 -0.045123210335464 0.040142452678769 0.016927919933074 0.158262616133250 -0.039561102404063 0.225762974333760 0.082596292088244 0.186881060951699 0.086857323981053 0.604192405269198 0.139275358246832 0.401903212193168 0.013993478897921 0.166613567397076 0.065188819264158 0.604571565413241 0.435079073069050 0.083079560496454 0.184271443432782 0.064462328513153 NaN 0.429392204841851 0.413147320215173 0.461653098341213 0.452617337282017 0.474133691068417 0.477276410798374 0.445789426552573 0.437319048331094 
-0.000798216743840 -0.004234678331842 -0.010096666838123 -0.010540968092715 -0.012158713127772 -0.013926813066525 -0.013246323359187 0.003903379730146 -0.009890800372790 -0.007357606769614 -0.008319241633504 0.001492007061745 -0.006972639367859 -0.004735005620907 -0.001704353248900 -0.010867487748565 0.002736222828977 0.007087714667492 -0.008392763188923 -0.013352941837186 1.000000000000000 -0.005282401101319 -0.000357437295172 -0.004957515095458 -0.012290025007858 -0.009103115078785 -0.003987603469903 0.000221843227146 -0.000931219302072 0.000802228933743 0.005913229045473 0.000917350013431 -0.008335549020649 -0.028448962679377 -0.009867054492547 -0.013189418078519 -0.001023115932177 -0.014141775831978 0.014484004292838 -0.001006235200350 0.002511335559762 0.021707049492340 -0.013827327782741 -0.016580480537403 -0.013294402072863 -0.012141575455193 -0.004060236559820 NaN -0.005950134821112 -0.007131427008890 -0.010199039284518 -0.007127966758110 -0.012676099970052 -0.011018089130836 -0.012624400640195 -0.013951803993917 
0.395464648763808 0.408739136426685 0.526256037193597 0.586833884627385 0.431720162753004 0.498622733543509 0.316515332038736 0.178054081609902 0.496275349104041 0.502208867123417 0.487242553878554 0.340580366175092 0.518154572465918 0.561030211340914 0.489858094688021 0.402378453188407 0.517493081392997 0.608527016761356 0.489108370440839 0.337832209100430 -0.005282401101319 1.000000000000000 0.150105095681020 -0.054200041378097 0.012247147487674 0.031366024318821 0.094085161940237 -0.012966777685212 -0.005943923083982 0.599151555856439 0.015363217566673 0.006218317451532 0.167322977447695 0.004545463079527 0.241333866615475 0.129859585613719 0.620904493070092 0.533550110986346 0.285472651443133 0.019989669941903 0.313974424099096 0.285090144608220 0.476303887368617 0.196892520959819 0.074278995404393 0.660234033439791 -0.007580509059615 NaN 0.583016559393630 0.677525011121571 0.573213246928252 0.535333948359492 0.626540972554899 0.591157929792064 0.554438101525575 0.573033342528728 
0.105065369010346 0.356126146705906 0.220735877458295 0.160581881902718 0.204935600833465 0.193244738137327 0.133532014717795 0.074714836170225 0.141933743965267 0.115205092908564 0.224759653803421 0.231095433797097 0.100515435831716 0.135211982893824 0.224122403470449 0.207955337239781 0.251541710121371 0.023238877283720 0.011928159036281 0.254348513916112 -0.000357437295172 0.150105095681020 1.000000000000000 -0.002839305504018 0.007085760421059 0.062516629332632 0.012557688815699 0.006552289017463 0.003425309979185 0.028843863166837 -0.021779667585117 -0.003537197077499 0.070307748336919 0.022799925373701 0.015244419138172 0.034298528149988 0.024424672404137 0.010492788173782 0.001443653375674 -0.007850249882169 0.043172189550920 0.041165620857328 0.262577325178353 0.030976959701863 0.090716589132382 0.168363685002051 -0.008556925719819 NaN 0.283309885620914 0.256502368949785 0.236769005644769 0.269124745626852 0.233493765320501 0.306230785192824 0.232870896445097 0.219006556244642 
0.035223576437171 -0.057337611375923 0.042689157249598 -0.009101871273350 -0.082362476301135 0.050768215861010 0.067423358136632 0.132843548056204 -0.032321286344901 0.010014162645020 0.039125967802755 0.003546412169099 -0.019274887531520 -0.045284407583755 -0.011231742346299 0.078870087660029 -0.045897747877164 0.029389954372871 -0.033834820301794 -0.004455642995030 -0.004957515095458 -0.054200041378097 -0.002839305504018 1.000000000000000 -0.079119069744658 0.000000326659463 -0.022401139053027 -0.123500848184496 -0.140464601428330 0.004122540733919 -0.287189555654867 0.142447955242348 0.004204129507012 -0.000019062956440 0.050101657524143 0.002250573691237 0.203117480757924 0.068884077425966 -0.045279840673510 0.132689447736286 -0.037169987955039 0.005110219304302 0.118218832455902 -0.050337608527673 -0.081639884613124 -0.119863625964655 -0.429804573917916 NaN -0.002009441233294 -0.017835331042942 0.002339214824294 -0.003043932152260 0.003638549936144 -0.015927339993083 -0.024417577185607 -0.037597638490108 
0.364293026535586 0.333074104715802 0.352818340718169 0.167934296819971 0.427475883259204 0.274179601349213 0.336285696932506 0.269397607719360 0.337469459330391 0.427707788820877 0.324354630520445 0.325872285169581 0.195642737476816 0.348410104075467 0.319362437195162 0.298438607592408 -0.002187834785153 0.016422123258898 0.004723237526784 0.574671610759467 -0.012290025007858 0.012247147487674 0.007085760421058 -0.079119069744658 1.000000000000000 -0.009521933575089 -0.009772544687009 0.018555870800627 -0.015885919752204 0.008348513967228 0.013868829872312 0.015648119778074 0.279952627632358 0.110371835004948 0.315938053598804 0.004029994555325 0.431858502569303 0.010321927896233 -0.013421199821194 -0.007616146472215 0.011548608193108 0.025133403223264 0.527701405528021 0.462490508908811 -0.022719540906745 0.014013296518020 -0.008023626290189 NaN 0.268634552587739 0.259260188330891 0.338810444126779 0.309794052463502 0.316883658761221 0.318541853842317 0.318712274045377 0.357022022108966 
0.015834605972410 0.237179863733863 0.027278612724577 0.178643891870416 0.018567756046543 0.009334583152346 0.290412891290667 0.009211168464429 0.369156473347754 0.015687789693626 0.440445395279429 0.454886643943609 0.007826505077127 0.012654479732209 0.019245063487471 0.017909748039591 0.025784179718938 0.004462432387326 -0.009305053304782 0.008154540889641 -0.009103115078785 0.031366024318821 0.062516629332632 0.000000326659463 -0.009521933575089 1.000000000000000 0.010947700793585 0.000036392768057 0.000047871408303 0.021070452695021 0.000060344631120 -0.000048646183975 0.013602939004674 0.002497890900402 0.012218461806599 0.007345943955473 -0.011932448291652 -0.001562523668788 -0.030575457725427 -0.000068404489592 -0.001764387115804 -0.004170745554205 0.034094200020033 -0.004154382282974 0.028027704625221 0.029161949836093 -0.000104548629329 NaN 0.217909947055715 0.168052157153264 0.148448334190547 0.146641630179794 0.216121729655613 0.219518069537347 0.192639360600835 0.231905827509979 
0.530085334014474 0.371008272161832 0.304755289689095 0.461909935383957 0.368276877370950 0.384795965513485 0.379751437930148 0.707873256711753 0.430366849101449 0.523923048881079 0.355753367013364 0.434024724549988 0.179255137811755 0.246806097565341 0.393357018905500 0.625478435685062 -0.029995079107484 0.044057409820843 -0.025778443682814 -0.035968540939444 -0.003987603469903 0.094085161940237 0.012557688815699 -0.022401139053027 -0.009772544687009 0.010947700793585 1.000000000000000 -0.014915107229213 0.017745330846053 -0.013086283751176 0.005652646396542 -0.017492627932269 0.170607410069491 -0.013293961062943 0.885861682756184 0.015250240432249 -0.034598863792059 -0.017791660905811 0.276978430291840 0.010751779867611 -0.001502127920261 0.067086866686333 -0.004568016925557 0.078967635555588 -0.054567048854566 -0.019080185691844 0.019817928234570 NaN 0.473380530764295 0.382736211395872 0.437514594899301 0.447745523729403 0.389895117383093 0.381282053856772 0.474569344215446 0.382919772600980 
-0.089340082001170 -0.043805499956415 -0.050508239157709 0.033260013612707 0.070182287843458 0.134041637164155 -0.130020318834515 -0.031186421999553 0.031319562443271 -0.021013066979444 -0.024824615472584 0.017672489422259 0.016901689246293 -0.068205155061519 -0.017922835637077 0.093532567992633 -0.010170342711683 -0.121739021823624 0.043786213617019 -0.045123210335464 0.000221843227146 -0.012966777685212 0.006552289017463 -0.123500848184496 0.018555870800627 0.000036392768057 -0.014915107229213 1.000000000000000 -0.033090390291425 0.017243102181788 0.000000000000000 0.016559694968799 0.000558228920741 -0.000062358692522 0.045843078405986 0.005937474846391 -0.043185269948324 -0.123917111287281 0.063833845706075 -0.965144366944029 0.114853077596538 0.000481163593031 0.046237359422528 -0.011692494745552 -0.123954119534269 0.030289992371702 -0.395634738116360 NaN -0.039926969972309 -0.076683859831405 -0.085779063310197 -0.085672645585818 -0.102490564170472 -0.094620946385045 -0.121897215613184 -0.169591192774573 
-0.001663047458258 0.081136803019977 -0.034675861019281 0.013840518050734 0.204845318723574 0.037637182528491 -0.050579348137486 -0.050952595027443 -0.023365823605356 0.060222848138367 0.017755018025523 -0.010872086932143 0.011456185980017 0.024296367282491 -0.111595938003689 -0.008962846554726 -0.047639128864566 0.185129486423592 -0.013470345086546 0.040142452678769 -0.000931219302072 -0.005943923083982 0.003425309979185 -0.140464601428330 -0.015885919752204 0.000047871408303 0.017745330846053 -0.033090390291425 1.000000000000000 -0.013150989691167 0.000000000000000 -0.999862707812482 0.000545396801942 0.000048865757249 -0.045461318333678 0.005269457921206 0.055151497340136 -0.169918602458340 -0.014488155335503 -0.196197996452947 -0.014235016616661 0.003373079326396 -0.044087578066663 0.050611781871257 -0.028001604224559 0.025908058314432 -0.064824507884916 NaN -0.083770939355404 -0.024488714889893 -0.067702624604213 -0.078321700775391 -0.080701109859055 -0.063406884797928 -0.072265152209535 -0.044586127983696 
0.143420381974688 0.283255896634950 0.389642411654255 0.472710873205967 0.191493407536608 0.456429421035733 0.198172601700766 0.001773698917349 0.346704460167429 0.455632112556387 0.433542100605459 0.166925231612620 0.509371876712928 0.523101376590327 0.444098334632407 0.289872524177866 0.006654366005788 0.925525468279496 0.743505125745815 0.016927919933074 0.000802228933743 0.599151555856439 0.028843863166837 0.004122540733919 0.008348513967228 0.021070452695021 -0.013086283751176 0.017243102181788 -0.013150989691167 1.000000000000000 0.032331448677447 0.012805624136026 -0.024549376835865 -0.006527035770730 -0.013817661354421 -0.032438857474779 0.631848685938836 0.811518845634352 -0.007195847168811 -0.022332590039491 0.328551611106523 0.264503392570597 0.359436504671598 -0.003843826986294 0.132738289700679 0.830403665295595 0.039929894705121 NaN 0.355828059535015 0.534410364084558 0.360740905934249 0.344602134929736 0.411572220066161 0.371796663209452 0.327811114190868 0.445708275164336 
0.045192483537407 -0.033012749967952 0.003001208563864 0.014292837423319 0.166427744514267 -0.025176145987260 0.043491702052276 -0.029338852095336 -0.051437631650733 -0.000582231940182 -0.091774112516296 0.114895337120230 0.010244733387209 -0.016139497640240 -0.016027011628289 0.180313852032257 0.157744033728649 -0.080171338260798 0.041686838477184 0.158262616133250 0.005913229045473 0.015363217566673 -0.021779667585117 -0.287189555654867 0.013868829872312 0.000060344631120 0.005652646396542 0.000000000000000 0.000000000000000 0.032331448677447 1.000000000000000 -0.000000000000032 -0.000539973930009 -0.000090702856963 -0.063877301405063 0.002424031216873 -0.128877131194518 0.078082887435620 -0.043903967453922 0.000000000000000 -0.025148067019969 -0.001249971525815 -0.091363632209589 0.034405022623414 0.039834737678330 -0.002967909726969 0.101903366348085 NaN -0.014125300458665 -0.007502472770204 -0.001649074646850 0.019339140423483 0.028935096819775 0.022269844585929 0.067524076495903 0.060860946831393 
0.003086516633245 -0.080544311261087 0.035551431069640 -0.014454376981648 -0.205807485910318 -0.039864413399638 0.052721883822446 0.051480714384492 0.022820638663176 -0.059930572183382 -0.017330176384452 0.010782071922583 -0.011761237156451 -0.023207775491391 0.111971764722676 0.007282268107548 0.047828206260356 -0.183082731798556 0.012792722164669 -0.039561102404063 0.000917350013431 0.006218317451532 -0.003537197077499 0.142447955242348 0.015648119778074 -0.000048646183975 -0.017492627932269 0.016559694968799 -0.999862707812482 0.012805624136026 -0.000000000000032 1.000000000000000 -0.000553223775588 -0.000047777609581 0.044689514019068 -0.005370875912004 -0.054426176114842 0.172183834350748 0.013440121173934 0.212380424162093 0.012456068246562 -0.003380968220178 0.043309201858934 -0.050578613681795 0.029926123612385 -0.026376799068273 0.071478611755058 NaN 0.084513043899205 0.025785920380798 0.069156433636577 0.079803480962138 0.082478572058135 0.065016070314573 0.074368788639026 0.047450644610555 
0.242645099509988 0.224894962575447 0.221848303393040 0.299433286123698 0.298472103037178 0.209428220571557 0.396696866610269 0.198582753244827 0.213491501784887 0.282671937637438 0.218448413373727 0.224568864441605 0.244428154757105 0.249099480887821 0.230828993105830 0.279609174875258 0.115984176744041 -0.002875566611717 -0.036207767588722 0.225762974333760 -0.008335549020649 0.167322977447695 0.070307748336919 0.004204129507012 0.279952627632358 0.013602939004674 0.170607410069491 0.000558228920741 0.000545396801942 -0.024549376835865 -0.000539973930009 -0.000553223775588 1.000000000000000 0.080022340060779 0.276778814190236 0.052388938871910 0.125127212075210 -0.035513492479963 0.188284601597823 -0.000400714104277 -0.013396048097994 0.040887986067717 0.267107490348181 0.181147232452361 0.036638291064099 0.050698084357351 -0.001487433444584 NaN 0.292501212786301 0.247276988923184 0.298290707363972 0.272141185164484 0.272246443652005 0.286314838690681 0.297030263707229 0.274482346628457 
0.106833857359878 0.136315627722365 0.074567404732288 0.112000942933538 0.131267349679621 0.077557332803715 0.100583322073295 0.053394315434118 0.130215083409528 0.082186648759064 0.099685484640026 0.107233221210420 0.091863254064033 0.096651520726532 0.083409293518664 0.097738268160186 0.004171729372738 -0.010819031421567 0.000859904939270 0.082596292088244 -0.028448962679377 0.004545463079527 0.022799925373701 -0.000019062956440 0.110371835004948 0.002497890900402 -0.013293961062943 -0.000062358692522 0.000048865757249 -0.006527035770730 -0.000090702856963 -0.000047777609581 0.080022340060779 1.000000000000000 0.036511785198241 0.009359656887259 0.050838529842877 0.014485768982614 -0.013847365195354 0.000038282141239 0.032686897798014 -0.002873392572673 0.113914563502965 0.091237238899637 0.010810584100413 0.012869056013099 -0.000079288088773 NaN 0.095834462077344 0.083593096178769 0.109335287653062 0.104646590618939 0.093953015018920 0.098699444067025 0.093496238464797 0.090946874749883 
0.659244348044328 0.491659881894267 0.456890034833186 0.541338166273902 0.562786601141149 0.496817963652512 0.489894201070968 0.762554953577199 0.575260991513929 0.620155449887060 0.468808761300572 0.545738777534575 0.270237682068562 0.355257298463437 0.491011807818801 0.695816316127310 -0.014895933891526 0.004655139809475 -0.025458476980296 0.186881060951699 -0.009867054492547 0.241333866615475 0.015244419138172 0.050101657524143 0.315938053598804 0.012218461806599 0.885861682756184 0.045843078405986 -0.045461318333678 -0.013817661354421 -0.063877301405063 0.044689514019068 0.276778814190236 0.036511785198241 1.000000000000000 0.084748236164197 0.183642004826210 -0.026805793514581 0.274191536122893 -0.036572404567666 -0.001036144241139 0.104342652359723 0.232591311097016 0.319662636628801 0.020084328475942 -0.025749439780697 -0.023842198006292 NaN 0.596274822357635 0.498199653468464 0.591293863142498 0.564661092802749 0.529615537501805 0.524771717546478 0.599643237922713 0.515484659587510 
0.170624290447072 0.236704976165599 0.382848438177367 0.340221452918411 0.108162376548440 0.092694222814909 0.174239823648550 0.051630333751491 0.209359839160982 0.020850105208051 0.180621850212080 0.152527265966738 0.149591070300980 0.154020988260465 0.325591869968816 0.045690307316435 -0.011902105537573 -0.025688373925730 0.085844249879990 0.086857323981053 -0.013189418078519 0.129859585613719 0.034298528149988 0.002250573691237 0.004029994555325 0.007345943955473 0.015250240432249 0.005937474846391 0.005269457921206 -0.032438857474779 0.002424031216873 -0.005370875912004 0.052388938871911 0.009359656887259 0.084748236164197 1.000000000000000 0.075210268988439 0.040944750678098 0.121306193537993 -0.007309876389368 0.042876345292173 0.062857197375195 0.003946731120210 0.141270261602459 0.096532065382423 -0.042267047003415 -0.005077908087767 NaN 0.241506687225716 0.220570298023793 0.215559632364971 0.212815600757178 0.246306197953327 0.281868446991784 0.262831393169172 0.247878532645269 
0.436579872861547 0.496042514376497 0.540823646464302 0.497741592547057 0.462572141612719 0.568926002015590 0.361517307771054 0.248695280868989 0.535306836960132 0.601440875247504 0.571549239493857 0.338636423222801 0.490153612959079 0.653483416769591 0.552737252839551 0.407623156682084 0.291766619714836 0.656334321619983 0.716842984001902 0.604192405269198 -0.001023115932177 0.620904493070092 0.024424672404137 0.203117480757923 0.431858502569303 -0.011932448291652 -0.034598863792059 -0.043185269948324 0.055151497340136 0.631848685938836 -0.128877131194518 -0.054426176114842 0.125127212075210 0.050838529842877 0.183642004826210 0.075210268988439 1.000000000000000 0.700678409948617 0.401439418921233 0.033608503366121 0.347112094530705 0.198451315863332 0.554060353225302 0.324844751104798 0.181890656957820 0.580181275932310 -0.116608940963975 NaN 0.546454702521056 0.649381964840246 0.578988799550578 0.552004383929074 0.602544670779362 0.567732054382657 0.528278440617554 0.598303666675369 
0.173902648966199 0.306083920595176 0.452774332293499 0.464583696786148 0.172054126344267 0.479504653128204 0.261301619611670 0.022929986111641 0.351860651579429 0.435224787587141 0.430400287433598 0.201821094143548 0.491057952573276 0.544351505609417 0.477215868993753 0.275312598360086 0.011716823083456 0.827789957213106 0.940340318511052 0.139275358246832 -0.014141775831978 0.533550110986346 0.010492788173782 0.068884077425966 0.010321927896233 -0.001562523668788 -0.017791660905811 -0.123917111287281 -0.169918602458340 0.811518845634352 0.078082887435620 0.172183834350748 -0.035513492479963 0.014485768982614 -0.026805793514581 0.040944750678098 0.700678409948617 1.000000000000000 0.171950599308511 0.176076717453854 0.359311334497284 0.228795339198093 0.308880497191557 0.123570999083669 0.017181233731073 0.730912318580670 0.022079384837384 NaN 0.410104806652007 0.563011606099608 0.412371002986025 0.408283780695670 0.455353770076364 0.409195692411999 0.394890179398522 0.471074761752023 
0.362863159097470 0.349923605078529 0.254343081919412 0.283866458399531 0.355876431166117 0.300285652371915 0.315489647169235 0.314468056642571 0.257853502468735 0.383433050871681 0.296096423622849 0.210064023303498 0.130216021056789 0.431739043481399 0.374840085515445 0.406732401058864 0.422950129101291 0.006227218098962 0.267193356903513 0.401903212193168 0.014484004292838 0.285472651443133 0.001443653375674 -0.045279840673510 -0.013421199821194 -0.030575457725427 0.276978430291840 0.063833845706075 -0.014488155335503 -0.007195847168811 -0.043903967453922 0.013440121173934 0.188284601597823 -0.013847365195354 0.274191536122893 0.121306193537993 0.401439418921233 0.171950599308511 1.000000000000000 -0.058212497666614 0.179456283685874 0.036286034782999 0.053495139453123 0.137529733795140 0.109627461257340 -0.001369423180851 0.019722045211869 NaN 0.455421379335653 0.424061114358126 0.433699038447445 0.450421332827760 0.414917420915710 0.430922375099533 0.432094381121873 0.373587703894972 
0.079957076147581 0.014080275099015 0.059590291449738 -0.040882489469769 -0.077411168958243 -0.141573197268244 0.134725931644183 0.039335179664127 -0.028096847011462 0.001677381288056 0.022800863502767 0.009244949836816 -0.025335636863148 0.057157512894135 0.046133579562678 -0.102633472763316 0.013412249943179 0.086523023654561 -0.033865133459243 0.013993478897921 -0.001006235200350 0.019989669941903 -0.007850249882169 0.132689447736286 -0.007616146472215 -0.000068404489592 0.010751779867611 -0.965144366944029 -0.196197996452947 -0.022332590039491 0.000000000000000 0.212380424162093 -0.000400714104277 0.000038282141239 -0.036572404567666 -0.007309876389368 0.033608503366121 0.176076717453854 -0.058212497666614 1.000000000000000 -0.096057432701947 -0.000812949242850 -0.039422174485048 -0.014228545370090 0.130027179186181 -0.026237848653726 0.406356204704628 NaN 0.064667518509772 0.083056776342901 0.100951712928912 0.106221188267912 0.124239882870196 0.109893410722462 0.143198782410242 0.181311837592436 
0.585561657422319 0.518806622936169 0.695768719293690 0.536886256613943 0.299905473786892 0.480087542548175 0.578173249461671 0.525966236021012 0.438399378017659 0.549426381494526 0.580183833766326 0.529991221425381 0.592222161017343 0.653312475134497 0.612011141616147 0.314118415733353 0.192256660772669 0.327549816183232 0.370507624517027 0.166613567397076 0.002511335559762 0.313974424099096 0.043172189550920 -0.037169987955039 0.011548608193108 -0.001764387115804 -0.001502127920261 0.114853077596538 -0.014235016616661 0.328551611106523 -0.025148067019969 0.012456068246562 -0.013396048097994 0.032686897798014 -0.001036144241139 0.042876345292173 0.347112094530705 0.359311334497284 0.179456283685874 -0.096057432701947 1.000000000000000 0.120400282612379 0.466755451574709 0.652695720479888 0.006283991352688 0.305819120298954 -0.116026523228131 NaN 0.545160077866968 0.572943247845768 0.553004803979585 0.558495308078822 0.577106892208410 0.541806672650620 0.539467770041944 0.557277617490593 
0.130601736982230 0.163244829915283 0.207316798255448 0.224903968490516 0.139154124303535 0.196763948190727 0.128488214047326 0.056190959701362 0.175031154203892 0.195960579835917 0.181729533380577 0.109196905318653 0.376465058302263 0.209783664298686 0.422989021784844 0.150240300496468 0.029592793576253 0.263262897785939 0.219875775848327 0.065188819264158 0.021707049492340 0.285090144608220 0.041165620857328 0.005110219304302 0.025133403223264 -0.004170745554205 0.067086866686333 0.000481163593031 0.003373079326396 0.264503392570597 -0.001249971525815 -0.003380968220178 0.040887986067717 -0.002873392572673 0.104342652359723 0.062857197375195 0.198451315863332 0.228795339198093 0.036286034782999 -0.000812949242850 0.120400282612379 1.000000000000000 0.135461715560232 0.094280558618903 0.034981397686618 0.248131308154315 -0.003324509947392 NaN 0.234443522721204 0.243199064662887 0.208461921828711 0.183313938154925 0.206570245047874 0.196891133225265 0.200543850887252 0.210052199680145 
0.599994423834793 0.598023302741407 0.713142390119126 0.585080300738635 0.575260131279802 0.572723991187112 0.658912742739879 0.477156701520262 0.567729460045882 0.726857572010650 0.677132402417645 0.612360932150504 0.594165548697378 0.756143378355202 0.653751956855510 0.501075195404482 0.367582588526546 0.359521232296426 0.281019322392201 0.604571565413241 -0.013827327782741 0.476303887368617 0.262577325178353 0.118218832455902 0.527701405528021 0.034094200020033 -0.004568016925557 0.046237359422528 -0.044087578066663 0.359436504671598 -0.091363632209589 0.043309201858934 0.267107490348181 0.113914563502965 0.232591311097016 0.003946731120210 0.554060353225302 0.308880497191557 0.053495139453123 -0.039422174485048 0.466755451574709 0.135461715560232 1.000000000000000 0.590175257826478 0.045662754253887 0.549254607910898 0.017044645082478 NaN 0.629739995942108 0.667072935011037 0.665427445186233 0.641852342547164 0.685707114375334 0.676506765410445 0.634475317343522 0.654274677293483 
0.689156100787426 0.599248805768080 0.750413707781166 0.501114621367061 0.484354160786279 0.490354056947544 0.702129041035517 0.609237012962209 0.489012190734353 0.584094763526900 0.556809504910700 0.590231662693904 0.514939338861940 0.619932512084705 0.579229536688144 0.388519745468475 0.005657832908220 -0.001248827948929 0.200770853189732 0.435079073069050 -0.016580480537403 0.196892520959819 0.030976959701863 -0.050337608527673 0.462490508908811 -0.004154382282974 0.078967635555588 -0.011692494745552 0.050611781871257 -0.003843826986294 0.034405022623414 -0.050578613681795 0.181147232452361 0.091237238899637 0.319662636628801 0.141270261602459 0.324844751104798 0.123570999083669 0.137529733795140 -0.014228545370090 0.652695720479888 0.094280558618903 0.590175257826478 1.000000000000000 -0.013001019078243 0.001061036068950 0.023894963375164 NaN 0.567540812828633 0.546558814762630 0.629789282531694 0.578528194308845 0.588967519285714 0.587763719084976 0.605574165422556 0.592398076505277 
0.073019147699315 0.090368763228136 0.025679725342798 0.054233267003255 0.141001572376450 0.084279350223037 0.074519694347533 0.071575544886612 0.046580583774493 -0.001925511205625 0.087975254535431 0.070782066290407 0.074896226158335 0.068391492991977 0.096132650148674 0.056356526198119 -0.008949959900963 0.002407187654187 0.025808023311975 0.083079560496454 -0.013294402072863 0.074278995404393 0.090716589132381 -0.081639884613124 -0.022719540906745 0.028027704625221 -0.054567048854566 -0.123954119534269 -0.028001604224559 0.132738289700679 0.039834737678330 0.029926123612385 0.036638291064099 0.010810584100413 0.020084328475942 0.096532065382423 0.181890656957820 0.017181233731073 0.109627461257340 0.130027179186181 0.006283991352688 0.034981397686618 0.045662754253887 -0.013001019078243 1.000000000000000 0.248304374086174 -0.018897852836867 NaN 0.135709636750179 0.118316824621093 0.135233009327626 0.132003847098526 0.145606499859948 0.173331950098472 0.161223287872091 0.209584927713514 
0.163831627922122 0.303672065122281 0.401692938921656 0.496778539012334 0.223183223408561 0.449759391249070 0.228772423010548 0.017342947531720 0.366787419996234 0.480003810909974 0.453372999055993 0.225115660878418 0.504541441088509 0.553578235463522 0.443053920661287 0.318793235875498 0.243166441982122 0.841135140127882 0.688149099815421 0.184271443432782 -0.012141575455193 0.660234033439791 0.168363685002051 -0.119863625964655 0.014013296518020 0.029161949836093 -0.019080185691844 0.030289992371702 0.025908058314432 0.830403665295595 -0.002967909726969 -0.026376799068273 0.050698084357351 0.012869056013099 -0.025749439780697 -0.042267047003415 0.580181275932310 0.730912318580670 -0.001369423180851 -0.026237848653726 0.305819120298954 0.248131308154315 0.549254607910898 0.001061036068950 0.248304374086174 1.000000000000000 -0.042691515304347 NaN 0.396124988196715 0.550272858500977 0.380352731332466 0.383138063980962 0.450476022916315 0.417728305127701 0.372520757224043 0.452486919376014 
0.009248470619059 0.047713404946784 -0.042948993784724 -0.050695860921463 0.152234354683696 -0.110451262394843 0.040443463482261 -0.011606033680401 0.013197021763701 -0.022363142929430 -0.004386732399853 0.051970321244031 0.002946914649929 0.055410269450414 0.058383513692395 -0.242880348189060 0.035708818486812 -0.026137255841163 0.014824595634692 0.064462328513153 -0.004060236559820 -0.007580509059615 -0.008556925719819 -0.429804573917916 -0.008023626290189 -0.000104548629329 0.019817928234570 -0.395634738116360 -0.064824507884916 0.039929894705121 0.101903366348085 0.071478611755058 -0.001487433444584 -0.000079288088773 -0.023842198006292 -0.005077908087767 -0.116608940963975 0.022079384837384 0.019722045211869 0.406356204704628 -0.116026523228131 -0.003324509947392 0.017044645082478 0.023894963375164 -0.018897852836867 -0.042691515304347 1.000000000000000 NaN 0.034329236013533 0.036136501854824 0.061903790633782 0.031969284744839 0.043827777270336 0.059356205421093 0.060241976950933 0.085390953292047 
NaN NaN NaN NaN NaN NaN NaN NaN NaN NaN NaN NaN NaN NaN NaN NaN NaN NaN NaN NaN NaN NaN NaN NaN NaN NaN NaN NaN NaN NaN NaN NaN NaN NaN NaN NaN NaN NaN NaN NaN NaN NaN NaN NaN NaN NaN NaN NaN NaN NaN NaN NaN NaN NaN NaN NaN 
0.886397725738740 0.926105089309489 0.884297076210963 0.922994038772382 0.765017915611604 0.811114858679827 0.885968402741942 0.737264730321369 0.893547956003195 0.872877008445823 0.928414811399791 0.875351725009875 0.753578644436708 0.877312894150537 0.918711441243613 0.811414530333649 0.288910833765242 0.367415304333566 0.376425767591444 0.429392204841851 -0.005950134821112 0.583016559393630 0.283309885620914 -0.002009441233294 0.268634552587739 0.217909947055715 0.473380530764295 -0.039926969972309 -0.083770939355404 0.355828059535015 -0.014125300458665 0.084513043899205 0.292501212786301 0.095834462077344 0.596274822357635 0.241506687225716 0.546454702521056 0.410104806652007 0.455421379335653 0.064667518509772 0.545160077866968 0.234443522721205 0.629739995942108 0.567540812828633 0.135709636750179 0.396124988196715 0.034329236013533 NaN 1.000000000000000 0.970292795109593 0.989341355496127 0.987873397358821 0.985408954694332 0.987625583705368 0.987197794927730 0.964981579628428 
0.826418158621731 0.897512079820485 0.902942259536340 0.930790464642273 0.726713220811839 0.827902595787296 0.845816266764635 0.635794753345577 0.859780783932609 0.897523421165403 0.923108084925002 0.799430064615262 0.791118096342948 0.935250639867063 0.917345932890913 0.789269206854537 0.272290920476662 0.556327029654517 0.521794096579073 0.413147320215173 -0.007131427008890 0.677525011121571 0.256502368949785 -0.017835331042942 0.259260188330891 0.168052157153264 0.382736211395872 -0.076683859831405 -0.024488714889893 0.534410364084558 -0.007502472770204 0.025785920380798 0.247276988923184 0.083593096178769 0.498199653468464 0.220570298023793 0.649381964840246 0.563011606099608 0.424061114358126 0.083056776342901 0.572943247845768 0.243199064662887 0.667072935011037 0.546558814762630 0.118316824621093 0.550272858500977 0.036136501854824 NaN 0.970292795109593 1.000000000000000 0.970414054535333 0.964680476968588 0.979129799644258 0.973410084526497 0.960452740961671 0.969099832509213 
0.914923187348732 0.931275989635661 0.901800343553052 0.913615933528994 0.787292291989593 0.826754294167818 0.899590871447260 0.745021331354397 0.886630511574590 0.895851030232109 0.915289997374104 0.857238657940367 0.777785838639643 0.906111157018407 0.919008232629229 0.814137772819541 0.263740667945832 0.370521286140783 0.374728578986742 0.461653098341213 -0.010199039284518 0.573213246928252 0.236769005644769 0.002339214824294 0.338810444126779 0.148448334190547 0.437514594899301 -0.085779063310197 -0.067702624604213 0.360740905934249 -0.001649074646850 0.069156433636577 0.298290707363971 0.109335287653062 0.591293863142498 0.215559632364971 0.578988799550578 0.412371002986025 0.433699038447445 0.100951712928912 0.553004803979585 0.208461921828711 0.665427445186233 0.629789282531694 0.135233009327626 0.380352731332466 0.061903790633782 NaN 0.989341355496127 0.970414054535332 1.000000000000000 0.991815133105233 0.986816855147933 0.986689766368857 0.988193850218535 0.973225580594439 
0.913234820379920 0.940375978612296 0.888464290498019 0.914422262139522 0.774178910556990 0.812953140838555 0.893014328686268 0.742273169442584 0.884956837102012 0.893203341466633 0.914064880154893 0.858751628520319 0.759652983483424 0.904501159399830 0.920393409291137 0.837846497622209 0.289956301770129 0.363140530521734 0.360684493745944 0.452617337282017 -0.007127966758110 0.535333948359492 0.269124745626852 -0.003043932152260 0.309794052463502 0.146641630179794 0.447745523729403 -0.085672645585818 -0.078321700775391 0.344602134929736 0.019339140423483 0.079803480962138 0.272141185164484 0.104646590618939 0.564661092802749 0.212815600757178 0.552004383929074 0.408283780695671 0.450421332827760 0.106221188267912 0.558495308078822 0.183313938154925 0.641852342547164 0.578528194308845 0.132003847098526 0.383138063980962 0.031969284744839 NaN 0.987873397358821 0.964680476968588 0.991815133105233 1.000000000000000 0.982791272878900 0.984952690716946 0.986249001490972 0.966849697509457 
0.886314005794678 0.906626083396048 0.907597103521209 0.914772601658323 0.750018065998802 0.803073438267296 0.892840182937913 0.709654678468740 0.882640039646636 0.884199408121174 0.934357693330665 0.867826900477534 0.773979098000578 0.909644581468154 0.914650281667085 0.783663637126377 0.331379389934063 0.424555972593163 0.399574329287744 0.474133691068417 -0.012676099970052 0.626540972554899 0.233493765320501 0.003638549936144 0.316883658761221 0.216121729655613 0.389895117383093 -0.102490564170472 -0.080701109859055 0.411572220066161 0.028935096819775 0.082478572058135 0.272246443652005 0.093953015018920 0.529615537501805 0.246306197953327 0.602544670779362 0.455353770076364 0.414917420915710 0.124239882870196 0.577106892208410 0.206570245047874 0.685707114375334 0.588967519285714 0.145606499859948 0.450476022916315 0.043827777270336 NaN 0.985408954694332 0.979129799644258 0.986816855147933 0.982791272878900 1.000000000000000 0.992703001859841 0.988787734495340 0.986000982667022 
0.873994364576974 0.928661456899941 0.902366604546248 0.908470306897318 0.764601395137341 0.791156549502560 0.895550000975595 0.692537974345819 0.872552550806243 0.864778524579485 0.928763422291052 0.865174149726941 0.752381444463605 0.900767072672993 0.913899493673609 0.787525226557697 0.313203968474372 0.378058254436193 0.365864163691925 0.477276410798374 -0.011018089130836 0.591157929792064 0.306230785192824 -0.015927339993083 0.318541853842317 0.219518069537347 0.381282053856772 -0.094620946385045 -0.063406884797928 0.371796663209452 0.022269844585929 0.065016070314573 0.286314838690681 0.098699444067025 0.524771717546478 0.281868446991784 0.567732054382657 0.409195692411999 0.430922375099533 0.109893410722462 0.541806672650620 0.196891133225265 0.676506765410445 0.587763719084976 0.173331950098472 0.417728305127701 0.059356205421093 NaN 0.987625583705368 0.973410084526497 0.986689766368857 0.984952690716946 0.992703001859841 1.000000000000000 0.988328190287411 0.982172045893665 
0.907396060112989 0.907581317986186 0.902062518372689 0.906725141954435 0.771819242596676 0.795515535150801 0.912778600740594 0.757655620112911 0.865613697988408 0.882700174640116 0.911383043072608 0.880715079652022 0.747817385291524 0.885619503116837 0.914379390630886 0.813201270303920 0.275964263534156 0.346901592751710 0.343807763865188 0.445789426552573 -0.012624400640195 0.554438101525575 0.232870896445097 -0.024417577185607 0.318712274045377 0.192639360600835 0.474569344215446 -0.121897215613184 -0.072265152209535 0.327811114190868 0.067524076495903 0.074368788639026 0.297030263707229 0.093496238464797 0.599643237922713 0.262831393169172 0.528278440617554 0.394890179398522 0.432094381121873 0.143198782410242 0.539467770041944 0.200543850887252 0.634475317343522 0.605574165422556 0.161223287872091 0.372520757224043 0.060241976950933 NaN 0.987197794927729 0.960452740961671 0.988193850218535 0.986249001490972 0.988787734495340 0.988328190287411 1.000000000000000 0.982183949945174 
0.863644932514300 0.898760883159458 0.901330979214884 0.893719365182162 0.739630479492112 0.795927595727804 0.900522522558690 0.690351656162136 0.857282344987335 0.878169934368841 0.931258875553215 0.857347808565994 0.774789834534770 0.906693457728256 0.910963904942355 0.763150559232717 0.235707387709709 0.454930071657051 0.408198799144596 0.437319048331094 -0.013951803993917 0.573033342528729 0.219006556244642 -0.037597638490108 0.357022022108966 0.231905827509979 0.382919772600980 -0.169591192774573 -0.044586127983696 0.445708275164336 0.060860946831393 0.047450644610555 0.274482346628457 0.090946874749883 0.515484659587511 0.247878532645269 0.598303666675369 0.471074761752023 0.373587703894972 0.181311837592436 0.557277617490593 0.210052199680145 0.654274677293484 0.592398076505277 0.209584927713514 0.452486919376014 0.085390953292047 NaN 0.964981579628428 0.969099832509213 0.973225580594439 0.966849697509457 0.986000982667022 0.982172045893665 0.982183949945174 1.000000000000000 
