1.000000000000000 0.436245246642589 0.204135005437024 0.212540988351321 0.158135967668130 0.269404533878302 0.484886264692355 0.690174964646509 0.530977372886769 -0.044541961920829 0.417745689838924 0.023972405108417 0.591615634030638 0.305913907074841 0.493262866105115 0.555916353757459 0.529988713677950 0.100429627201265 0.323022277719620 0.379315882191093 0.243042557337665 0.170129279623720 0.330199435403158 0.019388351415441 0.525732888736473 0.536753975537474 0.526251592158769 0.297927080225648 0.481426993398099 0.200577971837766 0.433456983332732 0.551346597046315 0.672380618787897 0.488524096194105 0.509418813985685 0.139695863249000 0.673013357692108 0.698131167209485 -0.065591074586288 0.690301018834050 0.662508217800197 0.648303290017841 
0.436245246642589 1.000000000000000 0.148838350157811 0.148067921720111 0.071880880897582 0.187602135448487 0.394604257914360 0.550691106300650 0.437303726264260 -0.097654144647137 0.386856869649819 0.033453807616461 0.463675382968794 0.252464348434328 0.439947135345273 0.459626246980974 0.403171468905682 0.130551143473972 0.292092112692273 0.300171683489785 0.342795640916548 0.113135784957711 0.275785481424958 -0.067475858787306 0.483846637843019 0.394566277205698 0.500393821247981 0.391410655909512 0.407757863261246 0.191613994201462 0.406585989745871 0.475288928640992 0.514074596435635 0.334331776516029 0.496632240931332 0.234314397917664 0.554340246487819 0.546378311201102 -0.048966621546031 0.538498651573559 0.547506340993758 0.531505629435750 
0.204135005437024 0.148838350157811 1.000000000000000 0.682234971127580 0.013068233300554 0.074093306533896 0.148730228595007 0.253428335145925 0.202645329024395 -0.003905573116702 0.183476652561317 0.028564921507631 0.176687227765831 0.130951589198449 0.114104622938563 0.247892908468232 0.199688258627234 0.014914783839784 0.084239519928829 0.132020500209072 0.107571586639262 0.094763460097960 0.120303442951018 -0.058861260874573 0.208007471224298 0.178092526913403 0.162943590183045 0.111633851654036 0.105318212107580 0.123128399322450 0.322766999122872 0.199526113178656 0.182194146468624 0.168129506781611 0.202241243344010 0.044135456103827 0.214440564290304 0.233868441881758 -0.000603002373547 0.216387585646986 0.223832089561437 0.208560387870422 
0.212540988351321 0.148067921720111 0.682234971127580 1.000000000000000 -0.032422203762595 0.060724739875749 0.228425041866482 0.241914569049608 0.130188903980460 0.008594014412643 0.139455376909447 0.056128333828348 0.208287769687544 0.147951223114694 0.103377823232232 0.202183564235640 0.181542766440710 0.050856460837575 0.133296891521316 0.096630118347898 0.082414657127213 0.058099334283915 0.104550870123845 -0.007462089909963 0.166868645616000 0.179362775275110 0.175291061743660 0.109063426897168 0.129159695353883 0.127136924918307 0.132569611189389 0.221965411234698 0.201602224595526 0.130657947992051 0.125255049029653 0.027672473635600 0.192071155160678 0.216524278522699 -0.041946507025274 0.209874785461060 0.206575878559830 0.200691158729856 
0.158135967668130 0.071880880897583 0.013068233300554 -0.032422203762595 1.000000000000000 0.062837203717328 0.094929212516291 0.135454238175731 0.084510258841723 -0.001684420050268 0.025774410369541 0.545572323257179 0.084309249664038 0.034221749015558 0.061341848033632 0.065701022811008 0.073647773905768 0.079386847311878 -0.017684884862619 0.047617563473655 0.033957134511710 0.010798256345292 -0.004841075746740 -0.032309845973526 0.077591693611557 0.091399388551941 0.062601209825996 0.039200534758666 0.085128903147206 -0.046228474401315 0.067828398012672 0.076563252363139 0.093960293997840 0.095217333644283 0.076517829223040 0.013649308333105 0.099091123802915 0.116777319968533 0.086250358078146 0.107536656301021 0.103079632852894 0.103897852673712 
0.269404533878302 0.187602135448487 0.074093306533896 0.060724739875749 0.062837203717328 1.000000000000000 0.220736478890572 0.269504224973516 0.165976027242070 -0.078934011461462 0.128915093632051 0.071793602731134 0.147442640254266 0.204859374084289 0.196400049940743 0.135255808862058 0.114154732015608 0.053140775821548 0.128201420976690 0.151812345073288 0.140093746445182 0.057917699234458 -0.024251295536939 -0.077899613207706 0.202235912224895 0.254025285859133 0.154618423392990 0.090076040916016 0.151447290951496 0.046176175731311 0.154889402596984 0.197290359671875 0.176506746773052 0.158638875368593 0.113037617692771 0.088264695780816 0.186125781736221 0.189213647061893 -0.063536467629893 0.204435348092167 0.184486653897861 0.198320615067728 
0.484886264692355 0.394604257914360 0.148730228595007 0.228425041866482 0.094929212516291 0.220736478890572 1.000000000000000 0.546038524094550 0.445988916527561 -0.031084625863485 0.457534597572862 0.022760947169546 0.528117986587132 0.313416031757377 0.494096589749481 0.510491908171169 0.448550123571506 0.146711413515583 0.268339296380034 0.389102044226392 0.381303130850801 0.140178085278761 0.288900903451921 0.020768765943069 0.554526485881494 0.438703342664319 0.573097935468123 0.498800942663578 0.523231750144786 0.197227790647565 0.342543913917383 0.519883597460506 0.590331133966624 0.366245257788304 0.557020464616041 0.226275372081750 0.613522688770482 0.606576912063039 -0.112790538470285 0.597463140296112 0.618756288369121 0.608087184411904 
0.690174964646509 0.550691106300650 0.253428335145925 0.241914569049608 0.135454238175731 0.269504224973516 0.546038524094550 1.000000000000000 0.579692660307602 -0.015347082719417 0.486746407891881 0.034648101174758 0.611524752536310 0.344340065116013 0.499769274424447 0.589359951679946 0.516129718885486 0.127010424869532 0.330111228846728 0.372869288726705 0.388970326626799 0.224783546083896 0.327926677105084 -0.029778142813768 0.619886846416202 0.574690654751133 0.597583420989576 0.411187340984803 0.474365152627098 0.258967957310026 0.414719212579533 0.628276414543608 0.611585007280179 0.466648199572450 0.592824912809751 0.200746072372384 0.694028607239410 0.743955480536419 -0.031506665221886 0.671096292750735 0.679352967528284 0.664699991900903 
0.530977372886769 0.437303726264260 0.202645329024395 0.130188903980460 0.084510258841723 0.165976027242070 0.445988916527561 0.579692660307603 1.000000000000000 -0.037717140213896 0.559563248255362 0.012798306459461 0.595242136574550 0.352775290871826 0.561675848329102 0.678043821109261 0.605480780622998 0.130267670624246 0.299404848240789 0.500110673206875 0.324427000508387 0.347865078797924 0.290013669433482 -0.025398191715029 0.725794591818452 0.698842836724356 0.573220875134077 0.356033948912205 0.521612817338524 0.354360419724256 0.611161120717616 0.704579222221836 0.611933746528896 0.742376224661044 0.636513090827818 0.276723760224465 0.766870052941146 0.747955966880695 -0.034881497234516 0.747201830168080 0.735452782332017 0.736812185334545 
-0.044541961920829 -0.097654144647137 -0.003905573116702 0.008594014412643 -0.001684420050268 -0.078934011461462 -0.031084625863485 -0.015347082719417 -0.037717140213896 1.000000000000000 -0.055587448980121 0.003240429751715 -0.080123017537110 -0.050863714269483 -0.055197617504680 -0.058105712087318 -0.090970593470505 -0.071982324347480 0.014622956315456 -0.024741314956083 -0.049387695499636 -0.038364528409550 -0.039551436282721 0.051427578398724 -0.046640917233984 -0.068698010871818 -0.054997256925311 0.004045368336612 -0.124280480297977 -0.033329822211746 -0.065413909906975 -0.017759867016274 -0.040553509904460 -0.076152254200839 -0.068753205306696 -0.053077369005538 -0.077631999474733 -0.058697973736615 -0.005849683564371 -0.073446145097472 -0.076627509028395 -0.082117936311788 
0.417745689838924 0.386856869649819 0.183476652561317 0.139455376909448 0.025774410369541 0.128915093632051 0.457534597572862 0.486746407891881 0.559563248255362 -0.055587448980121 1.000000000000000 -0.032795244435930 0.520475704792647 0.310755152497685 0.526570521162693 0.560626757789145 0.563438686942773 0.163667738191596 0.199991608985638 0.416208185745134 0.249283890782138 0.172209621799180 0.399160167005868 -0.028974276028490 0.588985602350270 0.539999737258772 0.516910266275797 0.372610892198596 0.518161588751750 0.239778752578606 0.417271954359835 0.513297122115166 0.481935864035667 0.412040291757285 0.626368467314728 0.253296857287539 0.650603881966342 0.603507281002026 -0.077278759015426 0.611811959764741 0.643032974294772 0.630242435937712 
0.023972405108417 0.033453807616461 0.028564921507631 0.056128333828348 0.545572323257179 0.071793602731134 0.022760947169546 0.034648101174758 0.012798306459461 0.003240429751715 -0.032795244435930 1.000000000000000 0.004336581267964 -0.044966927850602 -0.018991288594828 -0.019120494366493 -0.016970544181997 0.050372627139772 -0.034374171764782 0.002647189493850 0.014406104507530 -0.002379666452762 -0.099084211055549 -0.044852993572589 0.039007504069067 0.013473699780903 -0.026776683246310 -0.034649066608577 -0.005650727646446 -0.035829284046485 -0.027992522320137 0.029821258287736 0.025872330834807 0.049664362947981 -0.031616200975392 0.006432079290632 0.004490892804417 0.036338136456418 0.099952617170305 0.019288972875398 0.000565343312319 0.007315023399053 
0.591615634030638 0.463675382968794 0.176687227765831 0.208287769687544 0.084309249664038 0.147442640254266 0.528117986587132 0.611524752536310 0.595242136574550 -0.080123017537110 0.520475704792647 0.004336581267964 1.000000000000000 0.413819809243320 0.555888431027766 0.771216091938680 0.712535630067817 0.253193972537568 0.541533836582627 0.379787247402738 0.329831950757437 0.214879323946665 0.437092437212523 -0.010400925028939 0.661969572550654 0.613253826496210 0.792008599104164 0.547392104569908 0.703946294802972 0.273915899377687 0.436649756165376 0.818026072885718 0.759148243512467 0.543888243848905 0.673501442508847 0.349173851235471 0.856308893258291 0.823277026166083 -0.068617260887362 0.851108949859669 0.870012960579785 0.839867895339576 
0.305913907074841 0.252464348434328 0.130951589198449 0.147951223114694 0.034221749015558 0.204859374084289 0.313416031757377 0.344340065116013 0.352775290871826 -0.050863714269483 0.310755152497685 -0.044966927850602 0.413819809243320 1.000000000000000 0.337607815731583 0.359160744214018 0.285338302839734 0.092172643716417 0.368100755086492 0.319976149312746 0.188858667667252 0.150972125467261 0.204414152218436 0.017584186059950 0.421201045107669 0.783998274418044 0.399747729637036 0.285080949578328 0.329823209848868 0.223583698616740 0.271131611677282 0.414389027876034 0.430548660923860 0.317054104314015 0.349774146758507 0.319544678944707 0.449643021923169 0.440596457806669 0.031857637490056 0.469246439371155 0.457786098176898 0.452126293476297 
0.493262866105115 0.439947135345273 0.114104622938563 0.103377823232232 0.061341848033632 0.196400049940743 0.494096589749481 0.499769274424447 0.561675848329102 -0.055197617504680 0.526570521162693 -0.018991288594828 0.555888431027766 0.337607815731583 1.000000000000000 0.559900924464649 0.648888919275886 0.135586687308215 0.399555362031620 0.728923609445916 0.369687872490984 -0.051785335712273 0.245094395763488 -0.078415484235155 0.633289984952371 0.596110802752526 0.664970814959620 0.432695160848706 0.675150218082588 0.090883654024618 0.412466838219103 0.568313928910132 0.684801394274734 0.490487679477970 0.665899747102552 0.303962728869914 0.774142439154014 0.726289415111955 -0.080003112160947 0.744840085716259 0.747110769804625 0.765563817977949 
0.555916353757459 0.459626246980974 0.247892908468232 0.202183564235640 0.065701022811008 0.135255808862058 0.510491908171169 0.589359951679946 0.678043821109261 -0.058105712087318 0.560626757789145 -0.019120494366493 0.771216091938680 0.359160744214018 0.559900924464649 1.000000000000000 0.867706329635454 0.110046096118046 0.269856064700931 0.464594596620860 0.345028973129837 0.279206781283623 0.512685913888095 -0.021378433949970 0.684442701958728 0.635891776794366 0.626636218135242 0.404462209930363 0.597502949089994 0.359386766944757 0.482308418038343 0.687902656972713 0.629908315612145 0.604299205515886 0.826878945674538 0.192425129832062 0.824282293786651 0.774264105959767 -0.098621302984803 0.800373364677629 0.825080209746902 0.783410602067820 
0.529988713677950 0.403171468905682 0.199688258627234 0.181542766440710 0.073647773905768 0.114154732015608 0.448550123571506 0.516129718885486 0.605480780622998 -0.090970593470505 0.563438686942773 -0.016970544181997 0.712535630067817 0.285338302839734 0.648888919275886 0.867706329635454 1.000000000000000 0.342160892385243 0.145099887256304 0.572440091891642 0.268531850910803 0.032070306313006 0.597033140027776 0.035238565511288 0.576005984563852 0.603486215446341 0.484188383296759 0.357954661196635 0.645914001084634 0.193841581230921 0.419259577526588 0.553009167780870 0.549863205261609 0.578798644345181 0.790980888703626 0.256554905935501 0.783693417086363 0.717118680030654 -0.113821354632396 0.762552728801586 0.790836271788941 0.769797959221031 
0.100429627201265 0.130551143473972 0.014914783839784 0.050856460837575 0.079386847311878 0.053140775821548 0.146711413515583 0.127010424869532 0.130267670624246 -0.071982324347480 0.163667738191596 0.050372627139772 0.253193972537568 0.092172643716417 0.135586687308215 0.110046096118046 0.342160892385243 1.000000000000000 0.056216964049841 0.078681214244713 0.178553888353258 0.043857863275836 0.274129286601018 0.009134631955636 0.166936076534111 0.149185035823008 0.124808986669778 0.239789948834660 0.341257172619517 0.074163237804709 0.068891002130631 0.179668480342651 0.188542978374689 0.128052483885334 0.214217405168534 0.439387574361076 0.217226297558017 0.265273835273254 -0.022807601886853 0.246142813263918 0.282546523164965 0.321290060639996 
0.323022277719620 0.292092112692273 0.084239519928829 0.133296891521316 -0.017684884862619 0.128201420976690 0.268339296380034 0.330111228846728 0.299404848240789 0.014622956315456 0.199991608985638 -0.034374171764782 0.541533836582627 0.368100755086492 0.399555362031620 0.269856064700931 0.145099887256304 0.056216964049841 1.000000000000000 0.261158311579087 0.131620473089066 0.260539313173644 0.085807836259356 -0.042700769925854 0.359840939809050 0.356736683371548 0.644736838867320 0.251788181694644 0.303668335010850 0.235333168589647 0.212037872712787 0.539145371515715 0.543488606459947 0.168995535683291 0.187708098535064 0.446728715332165 0.473633675502170 0.450334341243291 0.011521445729822 0.493195610072018 0.482497753626801 0.472558383901984 
0.379315882191093 0.300171683489785 0.132020500209072 0.096630118347898 0.047617563473655 0.151812345073288 0.389102044226392 0.372869288726705 0.500110673206875 -0.024741314956083 0.416208185745134 0.002647189493850 0.379787247402738 0.319976149312746 0.728923609445916 0.464594596620859 0.572440091891642 0.078681214244713 0.261158311579087 1.000000000000000 0.302323239366181 -0.003588328288232 0.076433032338265 0.121106636090033 0.555192870287375 0.569181966545288 0.331355090869040 0.253925452340649 0.550569980001326 0.069877158338208 0.368991940292358 0.453178655001202 0.515348456649325 0.516300579472060 0.460091165267526 0.434603384742581 0.611856656503041 0.580245147087680 -0.064360870191583 0.612432704315666 0.593932010342159 0.602217114950629 
0.243042557337665 0.342795640916548 0.107571586639262 0.082414657127213 0.033957134511710 0.140093746445182 0.381303130850801 0.388970326626799 0.324427000508387 -0.049387695499636 0.249283890782138 0.014406104507530 0.329831950757437 0.188858667667252 0.369687872490984 0.345028973129837 0.268531850910803 0.178553888353258 0.131620473089066 0.302323239366181 1.000000000000000 0.173292119285364 -0.046031504693781 0.009647712583418 0.532949225461043 0.354065363381686 0.451820126430366 0.448974106981039 0.518033673944850 0.114869141481683 0.275578945082070 0.434033814292247 0.467859132805501 0.266882098563087 0.344087559952590 0.108320585860599 0.457623844712818 0.537216332137709 -0.052507551625952 0.473991957423336 0.472433035099485 0.489367461595575 
0.170129279623720 0.113135784957711 0.094763460097960 0.058099334283915 0.010798256345292 0.057917699234458 0.140178085278761 0.224783546083896 0.347865078797924 -0.038364528409550 0.172209621799180 -0.002379666452762 0.214879323946665 0.150972125467261 -0.051785335712273 0.279206781283623 0.032070306313006 0.043857863275836 0.260539313173644 -0.003588328288232 0.173292119285364 1.000000000000000 -0.058884340600952 -0.029487747367801 0.352207974218961 0.202187534671438 0.348823447965578 -0.036696214059054 0.151527673857914 0.716909531890922 0.243870041533712 0.275687889599261 0.196383058045166 0.128594187576231 0.197182724808838 -0.046147847010792 0.213553196708529 0.262621690667542 0.058880191812621 0.221536686808863 0.215836610780539 0.232996400298181 
0.330199435403158 0.275785481424958 0.120303442951018 0.104550870123845 -0.004841075746740 -0.024251295536939 0.288900903451921 0.327926677105084 0.290013669433482 -0.039551436282721 0.399160167005868 -0.099084211055549 0.437092437212523 0.204414152218436 0.245094395763488 0.512685913888095 0.597033140027776 0.274129286601018 0.085807836259356 0.076433032338265 -0.046031504693781 -0.058884340600952 1.000000000000000 0.040544278440810 0.221485767329102 0.246384765855708 0.283172928218798 0.248126042404329 0.243765670142970 0.227266717575500 0.243902581480750 0.216517122846963 0.295258858370447 0.180091514515954 0.668447346648563 0.147459769080926 0.442912170352849 0.356960028490820 -0.065443240189643 0.390080150164126 0.467556640810802 0.410787021980211 
0.019388351415441 -0.067475858787306 -0.058861260874573 -0.007462089909963 -0.032309845973526 -0.077899613207706 0.020768765943069 -0.029778142813768 -0.025398191715029 0.051427578398724 -0.028974276028490 -0.044852993572589 -0.010400925028939 0.017584186059950 -0.078415484235155 -0.021378433949970 0.035238565511288 0.009134631955636 -0.042700769925854 0.121106636090033 0.009647712583418 -0.029487747367801 0.040544278440810 1.000000000000000 -0.015652098495877 -0.026514749224554 -0.027206348940617 0.056002344196329 -0.039302518368462 0.045458207312215 -0.030914752197905 0.014979208071256 -0.006427143045128 0.005728205789878 -0.037678921076931 -0.040999138600052 -0.014615481940714 -0.009897312933197 -0.057297528472829 0.002438146448091 0.018722875911197 0.028252470774532 
0.525732888736473 0.483846637843019 0.208007471224298 0.166868645616000 0.077591693611557 0.202235912224895 0.554526485881494 0.619886846416202 0.725794591818452 -0.046640917233984 0.588985602350270 0.039007504069067 0.661969572550654 0.421201045107669 0.633289984952371 0.684442701958728 0.576005984563852 0.166936076534111 0.359840939809050 0.555192870287375 0.532949225461043 0.352207974218961 0.221485767329102 -0.015652098495877 1.000000000000000 0.749141266021050 0.708467555629148 0.538487670116922 0.657126995307182 0.330898226412031 0.527089255303545 0.785060981024635 0.729617503083590 0.606596258308874 0.691813788982027 0.301305552879367 0.858081247800337 0.853088795874204 -0.092285460067963 0.836754707491289 0.836759654722376 0.850223828150335 
0.536753975537474 0.394566277205698 0.178092526913403 0.179362775275110 0.091399388551941 0.254025285859133 0.438703342664319 0.574690654751133 0.698842836724356 -0.068698010871818 0.539999737258772 0.013473699780903 0.613253826496210 0.783998274418044 0.596110802752526 0.635891776794366 0.603486215446341 0.149185035823008 0.356736683371548 0.569181966545288 0.354065363381686 0.202187534671438 0.246384765855708 -0.026514749224554 0.749141266021050 1.000000000000000 0.552311691897563 0.365473822162430 0.585845868956993 0.224578997233564 0.507049359991678 0.719983973685966 0.650228699747148 0.632205129070517 0.555603843686079 0.334028822692800 0.771412714037519 0.757739516534956 -0.035234281819783 0.788257372037414 0.756185811312581 0.770634274651609 
0.526251592158769 0.500393821247981 0.162943590183045 0.175291061743660 0.062601209825996 0.154618423392990 0.573097935468123 0.597583420989576 0.573220875134077 -0.054997256925311 0.516910266275797 -0.026776683246310 0.792008599104164 0.399747729637036 0.664970814959620 0.626636218135242 0.484188383296759 0.124808986669778 0.644736838867320 0.331355090869040 0.451820126430366 0.348823447965578 0.283172928218798 -0.027206348940617 0.708467555629148 0.552311691897563 1.000000000000000 0.668794234388087 0.718762534549795 0.390739749959781 0.445576174296335 0.786540542447987 0.810595280269432 0.374776061063675 0.629862688259083 0.288944387055185 0.817116239845802 0.806943843232897 -0.066931876122997 0.799529252333045 0.834378815194126 0.828700553335281 
0.297927080225648 0.391410655909513 0.111633851654036 0.109063426897168 0.039200534758666 0.090076040916016 0.498800942663578 0.411187340984803 0.356033948912205 0.004045368336612 0.372610892198596 -0.034649066608577 0.547392104569908 0.285080949578328 0.432695160848706 0.404462209930363 0.357954661196635 0.239789948834660 0.251788181694644 0.253925452340649 0.448974106981039 -0.036696214059054 0.248126042404329 0.056002344196329 0.538487670116922 0.365473822162430 0.668794234388086 1.000000000000000 0.590445484050413 0.095022578926689 0.333595436749526 0.610157591471911 0.624630553093360 0.268580426854844 0.462384761246271 0.365689313492043 0.601953253747501 0.620976381122363 -0.101470167074473 0.590738951764807 0.632637515722681 0.623737058371538 
0.481426993398099 0.407757863261246 0.105318212107580 0.129159695353883 0.085128903147206 0.151447290951496 0.523231750144786 0.474365152627098 0.521612817338524 -0.124280480297977 0.518161588751750 -0.005650727646446 0.703946294802972 0.329823209848868 0.675150218082588 0.597502949089994 0.645914001084634 0.341257172619517 0.303668335010850 0.550569980001326 0.518033673944850 0.151527673857914 0.243765670142970 -0.039302518368462 0.657126995307182 0.585845868956993 0.718762534549795 0.590445484050413 1.000000000000000 0.151959773524286 0.431755583253265 0.617499528985127 0.693395244520037 0.484008623334160 0.562770018553212 0.345032209986943 0.763790570061675 0.765066592348491 -0.113142544179692 0.774157763723972 0.796647746825881 0.820644884356268 
0.200577971837766 0.191613994201462 0.123128399322450 0.127136924918307 -0.046228474401315 0.046176175731311 0.197227790647565 0.258967957310026 0.354360419724256 -0.033329822211746 0.239778752578606 -0.035829284046485 0.273915899377687 0.223583698616740 0.090883654024618 0.359386766944757 0.193841581230921 0.074163237804709 0.235333168589647 0.069877158338208 0.114869141481683 0.716909531890922 0.227266717575500 0.045458207312215 0.330898226412031 0.224578997233564 0.390739749959781 0.095022578926689 0.151959773524286 1.000000000000000 0.247313084581237 0.332133754224774 0.272816977574599 0.151106260348643 0.341986843936977 0.035861775547506 0.293476590286916 0.316184027603865 0.006613801309911 0.298350688385511 0.317014604362408 0.310211497731901 
0.433456983332732 0.406585989745871 0.322766999122872 0.132569611189389 0.067828398012672 0.154889402596984 0.342543913917383 0.414719212579533 0.611161120717616 -0.065413909906975 0.417271954359836 -0.027992522320137 0.436649756165376 0.271131611677282 0.412466838219103 0.482308418038343 0.419259577526588 0.068891002130631 0.212037872712787 0.368991940292358 0.275578945082070 0.243870041533712 0.243902581480750 -0.030914752197905 0.527089255303545 0.507049359991678 0.445576174296335 0.333595436749526 0.431755583253265 0.247313084581237 1.000000000000000 0.518668185488727 0.552447234092336 0.431116073855648 0.487548968969492 0.212635028256430 0.596518871654687 0.606474634843710 -0.059818982922780 0.597527216066636 0.575550259944011 0.564175743081909 
0.551346597046315 0.475288928640992 0.199526113178656 0.221965411234698 0.076563252363139 0.197290359671875 0.519883597460506 0.628276414543608 0.704579222221836 -0.017759867016274 0.513297122115166 0.029821258287736 0.818026072885718 0.414389027876034 0.568313928910132 0.687902656972713 0.553009167780870 0.179668480342651 0.539145371515715 0.453178655001202 0.434033814292246 0.275687889599261 0.216517122846963 0.014979208071256 0.785060981024635 0.719983973685966 0.786540542447987 0.610157591471911 0.617499528985127 0.332133754224774 0.518668185488727 1.000000000000000 0.810258505836433 0.603162108403588 0.536576938718020 0.392582795355689 0.851148786868748 0.865717470011858 -0.072018588689648 0.878224705968485 0.862610571134097 0.864622074185393 
0.672380618787897 0.514074596435635 0.182194146468624 0.201602224595526 0.093960293997840 0.176506746773052 0.590331133966624 0.611585007280179 0.611933746528896 -0.040553509904460 0.481935864035667 0.025872330834807 0.759148243512467 0.430548660923860 0.684801394274734 0.629908315612145 0.549863205261609 0.188542978374689 0.543488606459947 0.515348456649325 0.467859132805501 0.196383058045166 0.295258858370447 -0.006427143045128 0.729617503083590 0.650228699747148 0.810595280269432 0.624630553093360 0.693395244520037 0.272816977574599 0.552447234092336 0.810258505836433 1.000000000000000 0.525901878382233 0.608685272078737 0.344618510154586 0.876360176278565 0.917455424839953 -0.075378198650325 0.910887055118427 0.874063797758918 0.868709031129813 
0.488524096194105 0.334331776516029 0.168129506781611 0.130657947992051 0.095217333644283 0.158638875368593 0.366245257788304 0.466648199572450 0.742376224661044 -0.076152254200839 0.412040291757285 0.049664362947981 0.543888243848905 0.317054104314015 0.490487679477970 0.604299205515886 0.578798644345181 0.128052483885334 0.168995535683291 0.516300579472060 0.266882098563087 0.128594187576231 0.180091514515955 0.005728205789878 0.606596258308874 0.632205129070517 0.374776061063675 0.268580426854844 0.484008623334160 0.151106260348643 0.431116073855648 0.603162108403588 0.525901878382233 1.000000000000000 0.490516178004666 0.261127453498794 0.642866175159485 0.633410357871157 -0.065658052879414 0.645365257305538 0.610975210387225 0.611877965926418 
0.509418813985685 0.496632240931332 0.202241243344010 0.125255049029653 0.076517829223040 0.113037617692771 0.557020464616041 0.592824912809751 0.636513090827818 -0.068753205306696 0.626368467314729 -0.031616200975392 0.673501442508847 0.349774146758507 0.665899747102552 0.826878945674538 0.790980888703626 0.214217405168534 0.187708098535064 0.460091165267526 0.344087559952590 0.197182724808839 0.668447346648563 -0.037678921076931 0.691813788982027 0.555603843686079 0.629862688259083 0.462384761246271 0.562770018553212 0.341986843936977 0.487548968969492 0.536576938718020 0.608685272078737 0.490516178004666 1.000000000000000 0.247827446998918 0.822769195023443 0.757070445417243 -0.058189622057274 0.743338529269125 0.801543019712162 0.749619162458473 
0.139695863249000 0.234314397917664 0.044135456103827 0.027672473635600 0.013649308333105 0.088264695780816 0.226275372081750 0.200746072372384 0.276723760224465 -0.053077369005538 0.253296857287539 0.006432079290632 0.349173851235471 0.319544678944707 0.303962728869914 0.192425129832062 0.256554905935501 0.439387574361076 0.446728715332165 0.434603384742581 0.108320585860599 -0.046147847010792 0.147459769080926 -0.040999138600052 0.301305552879367 0.334028822692800 0.288944387055185 0.365689313492043 0.345032209986943 0.035861775547506 0.212635028256430 0.392582795355689 0.344618510154586 0.261127453498794 0.247827446998918 1.000000000000000 0.412786981084103 0.389587554164670 -0.057044237975909 0.410786855537116 0.422394452209999 0.408305714928311 
0.673013357692108 0.554340246487819 0.214440564290304 0.192071155160678 0.099091123802915 0.186125781736221 0.613522688770481 0.694028607239410 0.766870052941146 -0.077631999474733 0.650603881966342 0.004490892804417 0.856308893258291 0.449643021923168 0.774142439154014 0.824282293786651 0.783693417086363 0.217226297558017 0.473633675502170 0.611856656503041 0.457623844712818 0.213553196708529 0.442912170352849 -0.014615481940714 0.858081247800337 0.771412714037520 0.817116239845802 0.601953253747501 0.763790570061675 0.293476590286916 0.596518871654687 0.851148786868749 0.876360176278565 0.642866175159485 0.822769195023444 0.412786981084103 1.000000000000000 0.969570748775814 -0.089785019568127 0.979400057367315 0.983562044431730 0.968205667769646 
0.698131167209485 0.546378311201102 0.233868441881758 0.216524278522699 0.116777319968533 0.189213647061893 0.606576912063039 0.743955480536419 0.747955966880695 -0.058697973736615 0.603507281002026 0.036338136456418 0.823277026166083 0.440596457806669 0.726289415111955 0.774264105959768 0.717118680030654 0.265273835273254 0.450334341243291 0.580245147087680 0.537216332137709 0.262621690667542 0.356960028490820 -0.009897312933197 0.853088795874204 0.757739516534956 0.806943843232897 0.620976381122363 0.765066592348491 0.316184027603865 0.606474634843710 0.865717470011858 0.917455424839953 0.633410357871157 0.757070445417243 0.389587554164670 0.969570748775814 1.000000000000000 -0.075531201788725 0.977467254774909 0.964129591758588 0.958847000273754 
-0.065591074586288 -0.048966621546031 -0.000603002373547 -0.041946507025274 0.086250358078146 -0.063536467629893 -0.112790538470285 -0.031506665221886 -0.034881497234516 -0.005849683564371 -0.077278759015426 0.099952617170305 -0.068617260887362 0.031857637490056 -0.080003112160947 -0.098621302984803 -0.113821354632396 -0.022807601886853 0.011521445729822 -0.064360870191583 -0.052507551625952 0.058880191812621 -0.065443240189643 -0.057297528472829 -0.092285460067963 -0.035234281819783 -0.066931876122997 -0.101470167074473 -0.113142544179692 0.006613801309911 -0.059818982922780 -0.072018588689648 -0.075378198650325 -0.065658052879414 -0.058189622057274 -0.057044237975909 -0.089785019568127 -0.075531201788725 1.000000000000000 -0.089191359778521 -0.091362846726812 -0.095064962725263 
0.690301018834050 0.538498651573559 0.216387585646986 0.209874785461060 0.107536656301021 0.204435348092167 0.597463140296112 0.671096292750735 0.747201830168080 -0.073446145097472 0.611811959764741 0.019288972875398 0.851108949859669 0.469246439371155 0.744840085716258 0.800373364677629 0.762552728801586 0.246142813263918 0.493195610072018 0.612432704315666 0.473991957423336 0.221536686808863 0.390080150164126 0.002438146448091 0.836754707491289 0.788257372037414 0.799529252333046 0.590738951764807 0.774157763723972 0.298350688385511 0.597527216066636 0.878224705968485 0.910887055118427 0.645365257305538 0.743338529269125 0.410786855537116 0.979400057367315 0.977467254774909 -0.089191359778520 1.000000000000000 0.983502859925331 0.978850019400882 
0.662508217800197 0.547506340993758 0.223832089561437 0.206575878559830 0.103079632852894 0.184486653897861 0.618756288369121 0.679352967528284 0.735452782332017 -0.076627509028395 0.643032974294772 0.000565343312319 0.870012960579785 0.457786098176898 0.747110769804625 0.825080209746902 0.790836271788941 0.282546523164965 0.482497753626801 0.593932010342159 0.472433035099485 0.215836610780539 0.467556640810802 0.018722875911197 0.836759654722376 0.756185811312581 0.834378815194126 0.632637515722681 0.796647746825881 0.317014604362408 0.575550259944011 0.862610571134097 0.874063797758918 0.610975210387225 0.801543019712162 0.422394452209999 0.983562044431730 0.964129591758588 -0.091362846726812 0.983502859925331 1.000000000000000 0.987764317019098 
0.648303290017841 0.531505629435750 0.208560387870422 0.200691158729856 0.103897852673712 0.198320615067728 0.608087184411904 0.664699991900903 0.736812185334545 -0.082117936311788 0.630242435937712 0.007315023399053 0.839867895339576 0.452126293476297 0.765563817977949 0.783410602067820 0.769797959221031 0.321290060639996 0.472558383901984 0.602217114950629 0.489367461595575 0.232996400298181 0.410787021980211 0.028252470774532 0.850223828150335 0.770634274651609 0.828700553335281 0.623737058371538 0.820644884356268 0.310211497731901 0.564175743081909 0.864622074185393 0.868709031129813 0.611877965926418 0.749619162458473 0.408305714928311 0.968205667769646 0.958847000273754 -0.095064962725263 0.978850019400882 0.987764317019098 1.000000000000000 
