134845875164039495680.000000000000000
0.000000000000000
0.000000000000000
0.000000000000000
-0.000000000000000
0.000000000000000
-0.000000000000000
-0.000000000000000
0.999999027209678
-0.000000000000000
0.000000000000000
0.000000000000000
-0.000000000000000
-0.000000000000000
-0.000000000000000
0.000000000000000
-0.000000000000000
-0.000000000000000
0.000000000000000
0.000000000000000
0.000000000000000
-0.000000000000000
-0.000002904714133
-0.000000000000000
0.000000000000000
0.000000000000000
0.000000000000000
-0.000000000000000
-0.000000000000000
0.000000000000000
-0.000000000000000
-0.000000000000000
0.000000000000000
0.000000000000000
-0.000000000000000
0.000000000000000
-0.001394837359844
0.000000000000000
0.000000000000000
0.000000000000000
0.000000000000000
0.000000000000000
0.000000000000000
88771735318014853120.000000000000000
0.000000000000000
0.000000000000000
-0.000000000000000
-0.000000000000000
0.000000000000000
0.000000000000000
0.000000000000000
0.001394837346981
-0.000000000000000
0.000000000000000
0.000000000000000
0.000000000000000
0.000000000000000
0.000000000000000
0.000000000000000
0.000000000000000
-0.000000000000000
0.000000000000000
0.000000000000000
-0.000000000000000
-0.000000000000000
-0.000004425577081
0.000000000000000
0.000000000000000
0.000000000000000
0.000000000000000
0.000000000000000
0.000000000000000
0.000000000000000
0.000000000000000
-0.000000000000000
-0.000000000000000
0.000000000000000
-0.000000000000000
-0.000000000000000
0.999999027204122
0.000000000000000
0.000000000000000
0.000000000000000
0.000000000000000
0.000000000000000
0.000000000000000
321480349434508608.000000000000000
-0.000000000000001
-0.000000000000000
-0.000000000000002
0.000000000000000
-0.000000000000000
-0.000000000000000
0.000000000000000
0.000002910884267
-0.000000000000000
0.000000000000000
0.000000000000000
0.000000000000000
0.000000000000000
-0.000000000000000
-0.000000000000000
0.000000000000000
-0.000000000000000
0.000000000000000
0.000000000000000
-0.000000000000000
-0.000000000000000
0.999999999985989
0.000000000000000
0.000000000000000
0.000000000000000
0.000000000000000
0.000000000000000
0.000000000000000
0.000000000000000
0.000000000000000
0.000000000000000
-0.000000000000000
0.000000000000000
-0.000000000000000
0.000000000000000
0.000004421521172
-0.000000000000000
0.000000000000000
-0.000000000000000
0.000000000000000
0.000000000000000
0.000000000000000
2249808033526.131347656250000
-0.000000000000000
0.677995284023118
-0.411192836166005
-0.000004432591193
-0.609297009929083
-0.000000000000000
0.000000000000000
0.000000000000000
-0.000000000000000
0.000000000000000
0.000000000000000
-0.000000000000000
-0.000000000000000
0.000000000000000
-0.000000000000000
0.000000000000000
0.000000000000000
-0.000000000000000
-0.000000000000000
-0.000000000000000
0.000000000000000
-0.000000000000001
0.000000000000000
-0.000000000000000
0.000000000000000
0.000000000000000
0.000000000000000
0.000000000000000
-0.000000000000000
0.000000000000000
0.000000000000000
-0.000000000000000
-0.000000000000000
0.000000000000000
-0.000000000000000
-0.000000000000000
0.000000000000000
-0.000000000000000
-0.000000000000000
-0.000000000000000
-0.000000000000000
-0.000000000000000
2101198319345.390136718750000
-0.000000000000000
-0.022447546581129
-0.089639587269969
0.000007788288525
0.035516053772183
-0.303956759395759
0.947528231942447
-0.000000000000000
0.000000000000000
-0.000000000000000
0.000000000000000
-0.000000000000000
-0.000000000000000
0.000000000000000
0.000000000000000
0.000000000000000
0.000000000000000
-0.000000000000000
-0.000000000000000
0.000000000000000
0.000000000000000
-0.000000000000000
-0.000000000000000
0.000000000000000
0.000000000000000
-0.000000000000000
0.000000000000000
0.000000000000000
-0.000000000000000
-0.000000000000000
0.000000000000000
0.000000000000000
0.000000000000000
0.000000000000000
-0.000000000000000
0.000000000000000
0.000000000000000
0.000000000000000
0.000000000000000
0.000000000000000
0.000000000000000
-0.000000000000000
1796696974812.890380859375000
-0.000000000000000
0.699219300949244
0.105078172637256
-0.000004560428659
0.707142805092768
0.000000000000000
-0.000000000000000
0.000000000000000
-0.000000000000000
0.000000000000000
-0.000000000000000
0.000000000000000
0.000000000000000
-0.000000000000000
-0.000000000000000
-0.000000000000000
-0.000000000000000
0.000000000000000
-0.000000000000000
-0.000000000000000
-0.000000000000000
0.000000000000000
0.000000000000000
-0.000000000000000
-0.000000000000000
0.000000000000000
-0.000000000000000
-0.000000000000000
0.000000000000000
0.000000000000000
-0.000000000000000
-0.000000000000000
-0.000000000000000
-0.000000000000000
0.000000000000000
-0.000000000000000
-0.000000000000000
-0.000000000000000
-0.000000000000000
-0.000000000000000
-0.000000000000000
0.000000000000000
1708283042529.339111328125000
0.000000000000000
0.000000000000000
0.000000000000000
0.000000000007350
-0.000000000000000
0.000000000000000
-0.000000000000000
0.000000000000000
-0.000000000000000
0.000000000000001
-0.000000000000001
0.000000000000000
-0.000000002027083
-0.000281369397115
-0.000000185687648
-0.566578018937407
0.824008051713205
0.000000000000018
0.000000000000003
-0.000000000000007
-0.000000000000010
0.000000000000000
-0.000000000000005
-0.000000000000000
0.000000000000000
-0.000000000000001
-0.000000000000000
0.000000000000000
-0.000000000000002
-0.000000000000000
0.000000000000000
0.000000000000005
0.000000000000008
0.000000000000001
0.000000000000000
0.000000000000000
0.000000000000001
-0.000000000000000
0.000000000000000
0.000000000000002
0.000000000000002
0.000000000000002
1599320495289.664550781250000
-0.000000000000000
-0.000000000000000
-0.000000000000000
-0.000000000021426
0.000000000000000
-0.000000000000000
0.000000000000000
-0.000000000000000
0.000000000000001
-0.000000000000002
0.000000000000002
-0.000000000000000
-0.000000004754454
-0.000659942453253
0.999999782237955
-0.000000000000002
-0.000000000000005
0.000000000000043
0.000000000000006
-0.000000000000018
-0.000000000000024
0.000000000000000
-0.000000000000012
-0.000000000000001
0.000000000000001
-0.000000000000002
-0.000000000000001
0.000000000000001
-0.000000000000006
-0.000000000000000
0.000000000000001
0.000000000000012
0.000000000000020
0.000000000000002
0.000000000000000
-0.000000000000000
0.000000000000002
-0.000000000000000
0.000000000000000
0.000000000000005
0.000000000000004
0.000000000000004
1454061110617.232666015625000
-0.000000000000000
0.000000000997353
0.000000001445994
0.000097274776196
-0.000000000573712
0.000000000649040
-0.000000000409425
0.000000000000000
-0.000000002350134
0.000000009276845
0.999999995268809
0.000000000000000
0.000000000000000
0.000000000000000
-0.000000000000000
0.000000000000000
0.000000000000000
-0.000000000000000
-0.000000000000000
0.000000000000000
0.000000000000000
0.000000000000000
0.000000000000000
0.000000000000000
-0.000000000000000
0.000000000000000
0.000000000000000
-0.000000000000000
0.000000000000000
0.000000000000000
-0.000000000000000
-0.000000000000000
-0.000000000000000
0.000000000000000
-0.000000000000000
-0.000000000000000
-0.000000000000000
0.000000000000000
0.000000000000000
-0.000000000000000
-0.000000000000000
-0.000000000000000
1311807452079.094726562500000
0.000000000000000
0.000000000247709
0.000000000359136
0.000024159748888
-0.000000000142491
0.000000000161200
-0.000000000101687
0.000000000000000
0.999999999708153
-0.000000000000000
0.000000000000000
0.000000000000000
0.000000000000000
0.000000000000000
-0.000000000000000
0.000000000000000
0.000000000000000
-0.000000000000000
-0.000000000000000
0.000000000000000
0.000000000000000
0.000000000000000
0.000000000000000
0.000000000000000
0.000000000000000
-0.000000000000000
0.000000000000000
-0.000000000000000
0.000000000000000
0.000000000000000
0.000000000000000
-0.000000000000000
-0.000000000000000
0.000000000000000
-0.000000000000000
0.000000000000000
-0.000000000000000
0.000000000000000
-0.000000000000000
-0.000000000000000
-0.000000000000000
-0.000000000000000
1311807452079.094726562500000
-0.000000000000000
-0.000000000977797
-0.000000001417641
-0.000095367428170
0.000000000562463
-0.000000000636314
0.000000000401397
-0.000000000000000
0.000000002304053
0.999999995452527
0.000000000000000
-0.000000000000000
-0.000000000000000
-0.000000000000000
0.000000000000000
-0.000000000000000
-0.000000000000000
0.000000000000000
0.000000000000000
-0.000000000000000
-0.000000000000000
-0.000000000000000
-0.000000000000000
-0.000000000000000
0.000000000000000
-0.000000000000000
-0.000000000000000
0.000000000000000
-0.000000000000000
-0.000000000000000
0.000000000000000
0.000000000000000
0.000000000000000
-0.000000000000000
0.000000000000000
-0.000000000000000
0.000000000000000
-0.000000000000000
-0.000000000000000
0.000000000000000
0.000000000000000
0.000000000000000
1311807452079.094726562500000
-0.000000000000000
0.225589434039597
0.900844270481338
-0.000017109578929
-0.356923035070037
-0.049237615475561
0.088151072350695
0.000000000000000
0.000000000000000
0.000000000000000
-0.000000000000000
-0.000000000000000
-0.000000000000000
-0.000000000000000
0.000000000000000
-0.000000000000000
-0.000000000000000
0.000000000000000
0.000000000000000
-0.000000000000000
-0.000000000000000
0.000000000000002
-0.000000000000000
-0.000000000000000
-0.000000000000000
0.000000000000000
-0.000000000000000
-0.000000000000000
-0.000000000000000
-0.000000000000000
-0.000000000000000
0.000000000000000
0.000000000000000
-0.000000000000000
0.000000000000000
-0.000000000000000
-0.000000000000000
-0.000000000000000
-0.000000000000000
0.000000000000000
-0.000000000000000
0.000000000000000
1311807452079.094726562500000
-0.000000000000000
-0.000000000023902
-0.000000000034653
-0.000002331203793
0.000000000013749
-0.000000000015554
0.000000000009812
0.000000000000000
0.000000000056321
-0.000000000222321
0.000000000226767
0.999999999997283
0.000000000000000
-0.000000000000000
0.000000000000000
-0.000000000000000
-0.000000000000000
0.000000000000000
0.000000000000000
-0.000000000000000
-0.000000000000000
-0.000000000000000
-0.000000000000000
-0.000000000000000
0.000000000000000
-0.000000000000000
0.000000000000000
0.000000000000000
-0.000000000000000
0.000000000000000
0.000000000000000
0.000000000000000
0.000000000000000
-0.000000000000000
0.000000000000000
-0.000000000000000
0.000000000000000
0.000000000000000
0.000000000000000
0.000000000000000
0.000000000000000
0.000000000000000
1311807452079.094726562500000
-0.000000000000000
0.000010252947158
0.000014865046865
0.999999990215217
-0.000005897849572
0.000006672237453
-0.000004208949267
0.000000000000000
-0.000024159748669
0.000095367427767
-0.000097274776687
0.000002331203816
0.000000001192588
-0.000000000001024
0.000000000021425
-0.000000000005356
-0.000000000012603
0.000000000110906
0.000000000016384
-0.000000000045371
-0.000000000060494
0.000000000000000
-0.000000000030247
-0.000000000002521
0.000000000002363
-0.000000000004096
-0.000000000003072
0.000000000002678
-0.000000000015124
-0.000000000000945
0.000000000002521
0.000000000030247
0.000000000050412
0.000000000005041
0.000000000000290
0.000000000000000
0.000000000004411
-0.000000000001260
0.000000000000315
0.000000000013863
0.000000000009452
0.000000000010082
1311807452079.094726562500000
-0.000000000000000
-0.000000000000012
-0.000000000000018
-0.000000001192588
0.000000000000007
-0.000000000000008
0.000000000000005
0.000000000000000
0.000000000000029
-0.000000000000114
0.000000000000116
-0.000000000000003
0.999999999974049
-0.000007204347056
-0.000000000000000
0.000000000000000
0.000000000000000
-0.000000000000002
-0.000000000000000
0.000000000000001
0.000000000000001
-0.000000000000000
0.000000000000000
0.000000000000000
-0.000000000000000
0.000000000000000
0.000000000000000
-0.000000000000000
0.000000000000000
0.000000000000000
-0.000000000000000
-0.000000000000000
-0.000000000000001
-0.000000000000000
-0.000000000000000
-0.000000000000000
-0.000000000000000
0.000000000000000
-0.000000000000000
-0.000000000000000
-0.000000000000000
-0.000000000000000
