0.003846443144940
0.003714572583812
0.005853654850058
0.005077158489047
0.002921371881467
0.005235914286945
0.003469591245887
0.004478709585247
0.002344523692428
0.005926002312193
0.003494062454466
0.003931843220720
0.003976664147463
0.003301008548581
0.004242769018704
0.002793626363604
0.001830393929040
0.004303212135443
0.001956404353113
0.004383243196645
0.002533405338711
0.001744789896927
0.003117433961832
0.002706275130740
0.005656028514587
0.001792266065922
0.002470110715320
0.002107880994853
0.002415189504051
0.002314186880325
0.003964792538242
0.003913022096937
0.003789195745167
0.003875009946835
0.003427513901627
0.006353333045535
0.001409289687637
0.002372313931874
0.005316959658160
0.002653702603284
0.002545921349021
0.003652192584141
0.002939603440671
0.004332910434747
0.002914009365775
0.002986989936307
0.002849159865790
0.002397918502851
0.003435445130523
0.002651589986159
0.002396543864429
0.002839463759130
0.001685758723628
0.001909939752767
0.001890332159807
0.006964651714963
0.003956972316837
0.002294783916889
0.002499078091937
0.003251745647331
0.002347713672684
0.002985883880649
0.001659851644713
0.001969595003226
0.002255642097707
0.001832550888456
0.001598860203229
0.001335391669779
0.002697998605477
0.001572464680189
0.002538452142451
0.001926445338461
0.002248529188286
0.001830834990749
0.002093510250150
