0.000000000000000
0.000424342376991
0.000282554521271
0.000124760961769
0.000172264859757
0.000639507835083
0.000361291900134
0.000431163434306
0.000193200193673
0.000357907365016
0.000107761203529
0.000058821178207
0.000315864369072
0.000158894590401
0.000000000000000
0.000312170565857
0.000410517264540
0.000455576020537
0.000231415640515
0.000409884438145
0.000204811617594
0.000321895595221
0.000194236131123
0.000336191194155
0.000102769891400
0.000132482940816
0.000120848425551
0.000101369384683
0.000000000000000
0.000164315775025
0.000152211639055
0.000202176750804
0.000142365809887
0.000179918085588
0.000131726287210
0.000145358879967
0.000122729472782
0.000109386690587
0.000128753237607
0.000128211849436
0.000159932459509
0.000102106080531
