NaN NaN NaN NaN NaN NaN NaN NaN NaN NaN NaN NaN NaN NaN NaN NaN NaN NaN NaN NaN NaN NaN NaN NaN NaN NaN NaN NaN NaN NaN NaN NaN NaN NaN NaN NaN NaN NaN NaN NaN NaN NaN 
NaN 1.000000000000000 0.978739565260350 0.902114148720485 0.967472813961451 0.971480753100230 0.615358278785650 0.631898595926663 0.636825621485034 0.584651370952166 0.635272359412111 0.638824159950841 0.644061357692217 0.645886869636610 -0.265355010964727 -0.011063401684951 -0.015375883224538 -0.005838617477538 -0.008374626762764 -0.016342799524513 -0.007395675658449 -0.000052291182517 -0.015501004859656 -0.006895892418852 -0.010849347132136 -0.003755350098449 -0.006330447327100 -0.007101001391645 NaN 0.980867536714071 0.988241921638414 0.977569334086487 0.971988012151142 0.991146525569443 0.605137878687914 0.578340064395630 0.604211687946232 0.558741919134628 0.629695265480319 0.636999917820192 0.620802531443152 0.596630441691168 
NaN 0.978739565260350 1.000000000000000 0.968405868541366 0.996722117312337 0.997581458347721 0.654255364005345 0.644636750032341 0.692310745745819 0.470077941899700 0.678630804803607 0.676285332736989 0.646217483558550 0.657175789358817 -0.252338084832254 -0.028771595043380 -0.040623236849456 -0.020981531668150 -0.022111097303958 -0.036121453355962 -0.023864974483852 -0.011570594590740 -0.028503033568745 -0.020821424937658 -0.026617202823150 -0.016030440658390 -0.022944745950148 -0.024805013802643 NaN 0.974853252000034 0.974930398133867 0.965969960414362 0.956738416439965 0.983369214727705 0.586939564645621 0.560653654670176 0.616073329645474 0.569030868003221 0.610923684917236 0.620826858107410 0.629520663428501 0.603942976696737 
NaN 0.902114148720485 0.968405868541366 1.000000000000000 0.981826422160747 0.964205917786074 0.743561949123876 0.708280939094425 0.791847571552642 0.390159362865323 0.768833745261954 0.761021381016517 0.697898214912352 0.717182014153395 -0.137532843139876 -0.038638507706987 -0.053154157405753 -0.016914117453447 -0.026121931435677 -0.035178605531039 -0.015592409013335 0.003027246428021 -0.016990644421463 -0.010187808518267 -0.018686130456555 -0.001783959427384 -0.014796518474431 -0.018922096306299 NaN 0.920672386277750 0.912454076689445 0.910300372992174 0.903792242192851 0.924629084565015 0.613784994464802 0.588301913705155 0.673057526996296 0.624674437976205 0.636430736841849 0.648169351814466 0.683078035854788 0.656426250498942 
NaN 0.967472813961452 0.996722117312336 0.981826422160747 1.000000000000000 0.990814411870065 0.709617994823528 0.696345495586367 0.746811610102368 0.489739843429503 0.732827122544246 0.729857444012434 0.695585511725230 0.707715501204612 -0.188424507887032 -0.036096945603765 -0.046733615596153 -0.021154425256655 -0.026976544569488 -0.036594295459762 -0.018872626088977 -0.005484257042547 -0.023473040044265 -0.015809946015051 -0.022502240274931 -0.009854651387010 -0.018337785425225 -0.020975012544267 NaN 0.968613913957137 0.967315117570861 0.961344923667584 0.955499527898500 0.975999719977555 0.625813950141052 0.598431842543574 0.659939797024365 0.610604001589850 0.650339728964306 0.660583959930585 0.673451085418856 0.646795412460662 
NaN 0.971480753100230 0.997581458347721 0.964205917786074 0.990814411870065 1.000000000000000 0.608265804046343 0.594447512152906 0.651214342261243 0.414152547813224 0.634448741151807 0.630914385261636 0.594799231587117 0.607395025350388 -0.299161624850113 -0.034982041282726 -0.052542718701299 -0.036034977701727 -0.027462497560395 -0.055133615310374 -0.050742759818016 -0.037896493132093 -0.054387335653088 -0.047002986223058 -0.052482535644998 -0.042622997839213 -0.049457235006148 -0.050975343649899 NaN 0.966465516731179 0.965767752539298 0.955012109466252 0.942101145103299 0.976091938199496 0.532487810235690 0.506550287740591 0.565513096823042 0.518803121448074 0.556554986550283 0.566953455300220 0.578526574888981 0.552745420896249 
NaN 0.615358278785650 0.654255364005345 0.743561949123876 0.709617994823528 0.608265804046343 1.000000000000000 0.991631643168540 0.994834183683349 0.710397016466675 0.999031750562737 0.999327767754870 0.983777486490374 0.990844675604804 0.476551600665788 -0.076297870555806 -0.055031923511664 0.008520664113786 -0.055594869086776 0.009692177216981 0.089349470317727 0.099508306223072 0.081030279902338 0.087157998908978 0.076410507458383 0.098560836068251 0.084701486275637 0.077420489757147 NaN 0.642416087998655 0.638856553164602 0.659950068838746 0.693639254799205 0.638998604191763 0.871448410211280 0.841583832144520 0.902143645025299 0.848948556503841 0.893560614276239 0.900677685396688 0.915850292072948 0.890067898906454 
NaN 0.631898595926663 0.644636750032341 0.708280939094425 0.696345495586367 0.594447512152906 0.991631643168540 1.000000000000000 0.975538484049391 0.793345997517919 0.987768513216566 0.991822009798519 0.998517640836893 0.999669134818073 0.474981807990637 -0.049830268474772 -0.024296930434517 0.033986518269559 -0.030668897352573 0.035792856242934 0.105561126748329 0.115106917281188 0.095330319226664 0.102496389046237 0.092530733626873 0.114491772680738 0.102055656819307 0.094780890697520 NaN 0.653136620701303 0.653499309820075 0.675071365709427 0.712065344643878 0.649564824711360 0.898566219232213 0.868601403644504 0.910621708435652 0.858429964016950 0.921077466350008 0.926229450342919 0.926338520442530 0.901140848773596 
NaN 0.636825621485034 0.692310745745818 0.791847571552642 0.746811610102368 0.651214342261243 0.994834183683349 0.975538484049390 1.000000000000000 0.647503151490335 0.997854643984080 0.995541168032918 0.964083416793143 0.975119190707271 0.424607373108546 -0.070778173619310 -0.053740352915863 0.011272288871537 -0.050492354929952 0.010532648591177 0.086608532053764 0.099549547845356 0.080106136319654 0.086079326719608 0.074848746614661 0.097980759167236 0.082576137204756 0.075109290906435 NaN 0.669556589862439 0.662987131482662 0.682701645341685 0.711617008187552 0.665546713716976 0.851746401554428 0.823082255883612 0.894964208418105 0.842671711861801 0.873170069739682 0.881405905946012 0.906933471400072 0.881131077176323 
NaN 0.584651370952166 0.470077941899700 0.390159362865323 0.489739843429503 0.414152547813224 0.710397016466675 0.793345997517919 0.647503151490336 1.000000000000000 0.693092977448601 0.713841506216513 0.823562108794379 0.798240640865533 0.386751264366759 -0.046531182872091 0.000874247905370 0.020344970381624 -0.044052475606081 0.043994001604145 0.124870369275970 0.110017281167030 0.104717384326594 0.112019885732869 0.109798126541977 0.112352749849684 0.118379857213478 0.117311589691345 NaN 0.546995509129051 0.570795986984298 0.580636538086932 0.622075703324367 0.552841478357438 0.794931945993297 0.766389912676170 0.716587813778581 0.675369949518559 0.816016159431677 0.813903603710976 0.739390327356869 0.722557002197336 
NaN 0.635272359412110 0.678630804803606 0.768833745261954 0.732827122544246 0.634448741151807 0.999031750562737 0.987768513216566 0.997854643984080 0.693092977448601 1.000000000000000 0.999556591187575 0.979149981155164 0.987264993231720 0.442837375250301 -0.061033751282351 -0.040975678183537 0.022608407859025 -0.041220941271122 0.022886618979098 0.096969015636193 0.109286957544196 0.089414243454679 0.095798612353303 0.084845247901417 0.107986410409006 0.093215978817372 0.085678236392329 NaN 0.665641838506944 0.660929901372502 0.681514359942010 0.713069720707955 0.661372945987073 0.871361773300269 0.842513978569678 0.905665123761781 0.853660365457855 0.892933078911588 0.900192560049708 0.918608654500366 0.893102301951043 
NaN 0.638824159950841 0.676285332736989 0.761021381016517 0.729857444012434 0.630914385261636 0.999327767754870 0.991822009798518 0.995541168032918 0.713841506216513 0.999556591187575 1.000000000000000 0.984716314554988 0.991481158612342 0.446249915293634 -0.057771823525706 -0.035703144998429 0.027039246382305 -0.038865582601233 0.028899637732943 0.104441521190385 0.115923987018890 0.096321808777270 0.102831417184887 0.092086918475764 0.114759554982970 0.100599546786159 0.093194782742606 NaN 0.667400942158310 0.663710231521521 0.684192882500233 0.716572470476836 0.663182173330966 0.880788972702509 0.851960343004981 0.910867994297319 0.859244197900880 0.902290989699504 0.909162670715527 0.924166518970203 0.899008574456945 
NaN 0.644061357692217 0.646217483558550 0.697898214912352 0.695585511725230 0.594799231587117 0.983777486490374 0.998517640836893 0.964083416793144 0.823562108794379 0.979149981155164 0.984716314554988 1.000000000000000 0.998878654534833 0.467261177604636 -0.046194635878740 -0.016249476409696 0.039918253160651 -0.030025679251686 0.046514611094575 0.122865423700601 0.129923117080276 0.111589241569683 0.118814285013435 0.109410159463364 0.129554789533268 0.118823811214831 0.112134197230707 NaN 0.660803166974191 0.663199133698438 0.683468898893687 0.720824660473650 0.657668312803760 0.910608126332558 0.881037030052454 0.915296343062555 0.864500426360786 0.932625492226405 0.937225564996882 0.931345395735155 0.907270030859961 
NaN 0.645886869636610 0.657175789358817 0.717182014153395 0.707715501204612 0.607395025350388 0.990844675604804 0.999669134818073 0.975119190707271 0.798240640865532 0.987264993231720 0.991481158612342 0.998878654534832 1.000000000000000 0.468253764844177 -0.062394046394058 -0.035046619200708 0.022816077555622 -0.044831954218934 0.028096354492497 0.107885664515546 0.114903514424043 0.097147899140442 0.104015734223185 0.094333324855315 0.114408023101569 0.103276219614750 0.096650061318759 NaN 0.663474045708003 0.664683090701622 0.684638303692218 0.720856334048353 0.661006005815567 0.901175586199912 0.870827537255277 0.912518196646195 0.860059578224757 0.923743688996284 0.929244977286490 0.928319406508711 0.903360076321234 
NaN -0.265355010964727 -0.252338084832254 -0.137532843139876 -0.188424507887032 -0.299161624850113 0.476551600665788 0.474981807990637 0.424607373108546 0.386751264366759 0.442837375250301 0.446249915293634 0.467261177604636 0.468253764844177 1.000000000000000 -0.513787080825727 -0.470307899523103 -0.419890095373213 -0.494565797567339 -0.368548409743345 -0.096720299375162 -0.153371384651849 -0.112490422814811 -0.122012007275977 -0.123683526075349 -0.145883659996716 -0.129899258973695 -0.124091680776600 NaN -0.316242872758830 -0.303799358004401 -0.291415638130793 -0.242808969794852 -0.296886495248903 0.308789773242973 0.277287269477379 0.309346590055110 0.264165049188347 0.323344445605457 0.331251591135743 0.321224024051476 0.308772335564170 
NaN -0.011063401684950 -0.028771595043380 -0.038638507706987 -0.036096945603765 -0.034982041282726 -0.076297870555806 -0.049830268474772 -0.070778173619310 -0.046531182872091 -0.061033751282351 -0.057771823525706 -0.046194635878740 -0.062394046394058 -0.513787080825727 1.000000000000000 0.984382072089205 0.974893847189113 0.992410231345236 0.898361971692533 0.463929309820140 0.581046926890763 0.485167362017752 0.505010120287043 0.496940049915500 0.572591243196237 0.523181906297018 0.498099458401736 NaN 0.157204731837943 0.128039868369545 0.168986249590865 0.166438376347101 0.091536433442120 0.164849587293179 0.216027620385613 0.148974106064314 0.219183276265038 0.136877647460326 0.113661588218295 0.130923909419559 0.150641813047717 
NaN -0.015375883224538 -0.040623236849456 -0.053154157405753 -0.046733615596153 -0.052542718701298 -0.055031923511665 -0.024296930434517 -0.053740352915863 0.000874247905370 -0.040975678183537 -0.035703144998429 -0.016249476409696 -0.035046619200708 -0.470307899523103 0.984382072089205 1.000000000000000 0.996406966880689 0.957034540197305 0.960439323875180 0.610011260450296 0.711832558434952 0.628336031507093 0.646017615620166 0.639134095689393 0.704738234318938 0.662442432787173 0.640441450101949 NaN 0.144857579922226 0.119207517947715 0.154199975830465 0.151823441072779 0.078419152533475 0.249568860336532 0.306196808398603 0.227809625158150 0.309193975726200 0.214334089345676 0.191023987507788 0.205480019684564 0.234143662162437 
NaN -0.005838617477538 -0.020981531668150 -0.016914117453447 -0.021154425256655 -0.036034977701727 0.008520664113786 0.033986518269559 0.011272288871537 0.020344970381624 0.022608407859025 0.027039246382305 0.039918253160651 0.022816077555622 -0.419890095373213 0.974893847189113 0.996406966880689 1.000000000000000 0.946015773016286 0.970875256515767 0.641121540665143 0.741785439358017 0.659266547412265 0.676589132927771 0.668917107314390 0.734820480170314 0.692017565773403 0.669843784130683 NaN 0.158593942339473 0.131672770330237 0.167745909482102 0.167201074498841 0.091021667339779 0.305585557206701 0.362092387853473 0.290682556301482 0.371539985957470 0.269690263951695 0.247110733714691 0.267405991959465 0.296376942743962 
NaN -0.008374626762764 -0.022111097303958 -0.026121931435677 -0.026976544569488 -0.027462497560395 -0.055594869086776 -0.030668897352573 -0.050492354929952 -0.044052475606081 -0.041220941271122 -0.038865582601233 -0.030025679251686 -0.044831954218934 -0.494565797567339 0.992410231345236 0.957034540197305 0.946015773016285 1.000000000000000 0.842549439128621 0.359080818112398 0.485060889751137 0.381443398713397 0.402665033978543 0.393555831888022 0.475956713917634 0.421947213325270 0.394732524445661 NaN 0.163688807871337 0.132810314685597 0.179063456043228 0.179401464437736 0.099192057922535 0.134693474011238 0.180214806118193 0.121667352749643 0.181295285517436 0.112893708329042 0.089954448541775 0.107582303630079 0.120031889840904 
NaN -0.016342799524513 -0.036121453355962 -0.035178605531039 -0.036594295459762 -0.055133615310374 0.009692177216981 0.035792856242934 0.010532648591177 0.043994001604145 0.022886618979098 0.028899637732943 0.046514611094575 0.028096354492497 -0.368548409743345 0.898361971692533 0.960439323875180 0.970875256515767 0.842549439128621 1.000000000000000 0.805140786461502 0.878927115685935 0.818976415443231 0.832005059558515 0.826584181958277 0.874076020436047 0.843708794915087 0.827366081557691 NaN 0.128099346346697 0.106756423350263 0.131033101249409 0.127905740125956 0.063440486093296 0.376674980286166 0.438679926719435 0.358249268001293 0.451704942246873 0.331891293580222 0.310797089027306 0.329343685648009 0.369837136400138 
NaN -0.007395675658449 -0.023864974483852 -0.015592409013335 -0.018872626088977 -0.050742759818016 0.089349470317727 0.105561126748329 0.086608532053764 0.124870369275970 0.096969015636193 0.104441521190385 0.122865423700601 0.107885664515546 -0.096720299375162 0.463929309820139 0.610011260450296 0.641121540665143 0.359080818112398 0.805140786461502 1.000000000000000 0.989690891137633 0.999502121641825 0.998780082643498 0.999222599618017 0.991202378577383 0.997664272888276 0.999197069209996 NaN 0.054495557131927 0.051065488363398 0.042235648976036 0.036140135116529 0.013373962324868 0.512171104951209 0.569264727428007 0.496653832490613 0.592366872478319 0.458785932964449 0.447737766059216 0.462028760334186 0.518134353328418 
NaN -0.000052291182517 -0.011570594590740 0.003027246428021 -0.005484257042547 -0.037896493132093 0.099508306223072 0.115106917281188 0.099549547845356 0.110017281167030 0.109286957544196 0.115923987018890 0.129923117080276 0.114903514424043 -0.153371384651849 0.581046926890763 0.711832558434952 0.741785439358017 0.485060889751137 0.878927115685935 0.989690891137633 1.000000000000000 0.992884463776584 0.995435370625305 0.994024597544240 0.999926890438236 0.996948491511831 0.993960135406632 NaN 0.086437548644052 0.077566550253392 0.077020660318573 0.071661468824698 0.037866590999060 0.514301533576563 0.574106585249756 0.502065987397122 0.599430736985199 0.461405443219546 0.448030482150081 0.467419058279398 0.521121316897732 
NaN -0.015501004859656 -0.028503033568745 -0.016990644421463 -0.023473040044265 -0.054387335653088 0.081030279902338 0.095330319226664 0.080106136319654 0.104717384326594 0.089414243454679 0.096321808777270 0.111589241569683 0.097147899140442 -0.112490422814811 0.485167362017752 0.628336031507093 0.659266547412265 0.381443398713397 0.818976415443231 0.999502121641825 0.992884463776584 1.000000000000000 0.999680403780881 0.999816064890441 0.994085901835934 0.998834058506017 0.999625064677725 NaN 0.051555714356020 0.046690712926391 0.039058292138558 0.032314226052898 0.008941534890706 0.501489628323129 0.559686319101781 0.488339498531427 0.585269612766733 0.447657341819851 0.436280286876358 0.453164706152941 0.509303906302587 
NaN -0.006895892418852 -0.020821424937658 -0.010187808518267 -0.015809946015051 -0.047002986223058 0.087157998908978 0.102496389046237 0.086079326719608 0.112019885732869 0.095798612353303 0.102831417184887 0.118814285013435 0.104015734223185 -0.122012007275977 0.505010120287043 0.646017615620166 0.676589132927771 0.402665033978543 0.832005059558515 0.998780082643498 0.995435370625305 0.999680403780881 1.000000000000000 0.999852462188474 0.996386493830563 0.999695629151973 0.999756005503242 NaN 0.063603105976159 0.058163184549448 0.051853186321515 0.045470752622422 0.019862323842169 0.508214872988448 0.566622171739822 0.494449032934696 0.591341867853276 0.454668780832029 0.442853716121397 0.459520431168087 0.515128804179769 
NaN -0.010849347132136 -0.026617202823150 -0.018686130456555 -0.022502240274931 -0.052482535644998 0.076410507458383 0.092530733626873 0.074848746614661 0.109798126541977 0.084845247901417 0.092086918475764 0.109410159463364 0.094333324855315 -0.123683526075349 0.496940049915500 0.639134095689393 0.668917107314390 0.393555831888022 0.826584181958277 0.999222599618017 0.994024597544240 0.999816064890441 0.999852462188475 1.000000000000000 0.995119860414376 0.999426490859796 0.999950084745757 NaN 0.057004826703343 0.052223769283862 0.044952587083878 0.038213191431728 0.013956189272734 0.500859286616180 0.559298624791152 0.485812544803488 0.583077936084573 0.447104750615739 0.435358061536882 0.450847361937783 0.506903481011624 
NaN -0.003755350098449 -0.016030440658390 -0.001783959427384 -0.009854651387010 -0.042622997839213 0.098560836068251 0.114491772680738 0.097980759167236 0.112352749849684 0.107986410409006 0.114759554982970 0.129554789533268 0.114408023101569 -0.145883659996716 0.572591243196237 0.704738234318938 0.734820480170314 0.475956713917634 0.874076020436048 0.991202378577383 0.999926890438236 0.994085901835934 0.996386493830563 0.995119860414376 1.000000000000000 0.997737760793961 0.995070882509556 NaN 0.080930376405808 0.072513456222816 0.071487900232142 0.066306580928699 0.032850610659186 0.514422177100375 0.574064848717424 0.501595023529766 0.598927799014316 0.461438150614358 0.448175128815382 0.466953735263816 0.520897902996009 
NaN -0.006330447327100 -0.022944745950148 -0.014796518474431 -0.018337785425225 -0.049457235006148 0.084701486275637 0.102055656819307 0.082576137204756 0.118379857213478 0.093215978817372 0.100599546786159 0.118823811214831 0.103276219614750 -0.129899258973695 0.523181906297018 0.662442432787173 0.692017565773403 0.421947213325270 0.843708794915087 0.997664272888276 0.996948491511831 0.998834058506016 0.999695629151973 0.999426490859796 0.997737760793961 1.000000000000000 0.999475832027237 NaN 0.066548090497679 0.060891921831859 0.055731144783823 0.049830631739564 0.021865323532797 0.508740212768846 0.567485341142622 0.493006010841780 0.590239196308244 0.455326137913018 0.442949597676033 0.458341815913751 0.513692235947457 
NaN -0.007101001391645 -0.024805013802643 -0.018922096306299 -0.020975012544267 -0.050975343649898 0.077420489757147 0.094780890697520 0.075109290906435 0.117311589691345 0.085678236392329 0.093194782742606 0.112134197230707 0.096650061318759 -0.124091680776600 0.498099458401736 0.640441450101949 0.669843784130682 0.394732524445661 0.827366081557691 0.999197069209996 0.993960135406632 0.999625064677725 0.999756005503242 0.999950084745757 0.995070882509556 0.999475832027236 1.000000000000000 NaN 0.060182082302338 0.055715332194846 0.048460048100570 0.041965297020819 0.017205915428312 0.503889716514360 0.562175827916868 0.487502782932338 0.584598488620481 0.450293899930474 0.438439647007488 0.452770319279265 0.508738596399645 
NaN NaN NaN NaN NaN NaN NaN NaN NaN NaN NaN NaN NaN NaN NaN NaN NaN NaN NaN NaN NaN NaN NaN NaN NaN NaN NaN NaN NaN NaN NaN NaN NaN NaN NaN NaN NaN NaN NaN NaN NaN NaN 
NaN 0.980867536714071 0.974853252000034 0.920672386277750 0.968613913957136 0.966465516731180 0.642416087998655 0.653136620701303 0.669556589862439 0.546995509129051 0.665641838506944 0.667400942158310 0.660803166974191 0.663474045708003 -0.316242872758830 0.157204731837943 0.144857579922226 0.158593942339473 0.163688807871337 0.128099346346697 0.054495557131927 0.086437548644052 0.051555714356020 0.063603105976159 0.057004826703343 0.080930376405808 0.066548090497679 0.060182082302338 NaN 1.000000000000000 0.998794522836629 0.998482033809703 0.993514414571564 0.997552729519435 0.639931920710538 0.621048603586190 0.648788421564160 0.612602685422742 0.660529650845140 0.664694204585649 0.661786987021253 0.639001767864606 
NaN 0.988241921638414 0.974930398133867 0.912454076689445 0.967315117570861 0.965767752539298 0.638856553164602 0.653499309820075 0.662987131482662 0.570795986984298 0.660929901372502 0.663710231521521 0.663199133698438 0.664683090701622 -0.303799358004401 0.128039868369545 0.119207517947715 0.131672770330237 0.132810314685597 0.106756423350263 0.051065488363398 0.077566550253392 0.046690712926391 0.058163184549448 0.052223769283862 0.072513456222816 0.060891921831859 0.055715332194846 NaN 0.998794522836629 1.000000000000000 0.997572285454365 0.993092922897674 0.998745821398109 0.642712113403384 0.622433718769202 0.646562236341565 0.609067836139082 0.663897940716102 0.668370356060486 0.660433113130989 0.637771602905508 
NaN 0.977569334086487 0.965969960414362 0.910300372992174 0.961344923667584 0.955012109466252 0.659950068838746 0.675071365709427 0.682701645341685 0.580636538086932 0.681514359942010 0.684192882500233 0.683468898893687 0.684638303692218 -0.291415638130793 0.168986249590865 0.154199975830465 0.167745909482102 0.179063456043228 0.131033101249409 0.042235648976036 0.077020660318573 0.039058292138558 0.051853186321515 0.044952587083878 0.071487900232141 0.055731144783823 0.048460048100570 NaN 0.998482033809703 0.997572285454365 1.000000000000000 0.998080225928883 0.995338562589711 0.654702743403445 0.634638385737541 0.659229225554895 0.620977790687296 0.676666102840079 0.680118742174219 0.673623702791864 0.649334362420546 
NaN 0.971988012151142 0.956738416439965 0.903792242192851 0.955499527898500 0.942101145103299 0.693639254799205 0.712065344643878 0.711617008187552 0.622075703324368 0.713069720707955 0.716572470476836 0.720824660473650 0.720856334048352 -0.242808969794852 0.166438376347101 0.151823441072779 0.167201074498841 0.179401464437736 0.127905740125956 0.036140135116529 0.071661468824698 0.032314226052898 0.045470752622422 0.038213191431727 0.066306580928699 0.049830631739564 0.041965297020819 NaN 0.993514414571564 0.993092922897674 0.998080225928883 1.000000000000000 0.990089353490407 0.682999093591512 0.661292167561868 0.684419208220348 0.643519273156486 0.706265796246431 0.709373492243133 0.700104785835279 0.674442455205213 
NaN 0.991146525569443 0.983369214727705 0.924629084565015 0.975999719977555 0.976091938199496 0.638998604191763 0.649564824711360 0.665546713716976 0.552841478357438 0.661372945987073 0.663182173330966 0.657668312803760 0.661006005815567 -0.296886495248903 0.091536433442120 0.078419152533475 0.091021667339779 0.099192057922535 0.063440486093296 0.013373962324868 0.037866590999060 0.008941534890706 0.019862323842169 0.013956189272734 0.032850610659186 0.021865323532797 0.017205915428312 NaN 0.997552729519435 0.998745821398109 0.995338562589711 0.990089353490407 1.000000000000000 0.621363803560390 0.598620290622326 0.629440443373233 0.587911591338438 0.644425512968191 0.650058368747553 0.644184297589676 0.619581188308234 
NaN 0.605137878687914 0.586939564645621 0.613784994464802 0.625813950141052 0.532487810235690 0.871448410211280 0.898566219232213 0.851746401554429 0.794931945993297 0.871361773300269 0.880788972702509 0.910608126332558 0.901175586199912 0.308789773242973 0.164849587293179 0.249568860336532 0.305585557206701 0.134693474011238 0.376674980286166 0.512171104951209 0.514301533576563 0.501489628323129 0.508214872988448 0.500859286616180 0.514422177100375 0.508740212768846 0.503889716514360 NaN 0.639931920710538 0.642712113403385 0.654702743403445 0.682999093591512 0.621363803560390 1.000000000000000 0.997360195697674 0.989236515284293 0.984253689163985 0.998112095220440 0.997014710241210 0.990241320992875 0.992029022354539 
NaN 0.578340064395630 0.560653654670176 0.588301913705155 0.598431842543574 0.506550287740591 0.841583832144520 0.868601403644504 0.823082255883612 0.766389912676170 0.842513978569678 0.851960343004981 0.881037030052454 0.870827537255277 0.277287269477379 0.216027620385613 0.306196808398603 0.362092387853473 0.180214806118193 0.438679926719436 0.569264727428007 0.574106585249756 0.559686319101781 0.566622171739822 0.559298624791152 0.574064848717424 0.567485341142622 0.562175827916868 NaN 0.621048603586190 0.622433718769202 0.634638385737541 0.661292167561868 0.598620290622326 0.997360195697674 1.000000000000000 0.986503508668283 0.989877142488348 0.991262683341408 0.988907430429393 0.984607727714304 0.990486810612283 
NaN 0.604211687946232 0.616073329645474 0.673057526996296 0.659939797024365 0.565513096823042 0.902143645025299 0.910621708435652 0.894964208418105 0.716587813778581 0.905665123761781 0.910867994297319 0.915296343062554 0.912518196646195 0.309346590055111 0.148974106064314 0.227809625158150 0.290682556301482 0.121667352749643 0.358249268001293 0.496653832490613 0.502065987397122 0.488339498531427 0.494449032934696 0.485812544803488 0.501595023529766 0.493006010841780 0.487502782932337 NaN 0.648788421564160 0.646562236341565 0.659229225554895 0.684419208220348 0.629440443373233 0.989236515284293 0.986503508668283 1.000000000000000 0.993168050937084 0.987355788269507 0.988305175084839 0.999019230689610 0.999434224907383 
NaN 0.558741919134628 0.569030868003221 0.624674437976205 0.610604001589850 0.518803121448074 0.848948556503841 0.858429964016951 0.842671711861801 0.675369949518559 0.853660365457855 0.859244197900880 0.864500426360786 0.860059578224757 0.264165049188347 0.219183276265038 0.309193975726200 0.371539985957470 0.181295285517436 0.451704942246873 0.592366872478319 0.599430736985199 0.585269612766733 0.591341867853276 0.583077936084573 0.598927799014316 0.590239196308244 0.584598488620481 NaN 0.612602685422742 0.609067836139082 0.620977790687296 0.643519273156487 0.587911591338438 0.984253689163985 0.989877142488348 0.993168050937084 1.000000000000000 0.975382960043412 0.974435749581887 0.987533059038568 0.995068501999556 
NaN 0.629695265480319 0.610923684917236 0.636430736841849 0.650339728964306 0.556554986550283 0.893560614276239 0.921077466350008 0.873170069739682 0.816016159431677 0.892933078911588 0.902290989699504 0.932625492226405 0.923743688996284 0.323344445605457 0.136877647460326 0.214334089345676 0.269690263951695 0.112893708329042 0.331891293580222 0.458785932964449 0.461405443219546 0.447657341819851 0.454668780832029 0.447104750615739 0.461438150614358 0.455326137913018 0.450293899930474 NaN 0.660529650845140 0.663897940716102 0.676666102840079 0.706265796246431 0.644425512968191 0.998112095220440 0.991262683341408 0.987355788269507 0.975382960043412 1.000000000000000 0.999636869074037 0.990947830488036 0.988837369371168 
NaN 0.636999917820192 0.620826858107410 0.648169351814466 0.660583959930585 0.566953455300220 0.900677685396688 0.926229450342919 0.881405905946012 0.813903603710976 0.900192560049708 0.909162670715527 0.937225564996882 0.929244977286490 0.331251591135743 0.113661588218295 0.191023987507788 0.247110733714691 0.089954448541775 0.310797089027306 0.447737766059216 0.448030482150081 0.436280286876357 0.442853716121397 0.435358061536882 0.448175128815382 0.442949597676033 0.438439647007488 NaN 0.664694204585650 0.668370356060486 0.680118742174219 0.709373492243133 0.650058368747553 0.997014710241209 0.988907430429393 0.988305175084839 0.974435749581887 0.999636869074037 1.000000000000000 0.992212985068514 0.989455296424761 
NaN 0.620802531443152 0.629520663428501 0.683078035854788 0.673451085418856 0.578526574888981 0.915850292072948 0.926338520442530 0.906933471400072 0.739390327356869 0.918608654500367 0.924166518970203 0.931345395735154 0.928319406508711 0.321224024051476 0.130923909419559 0.205480019684564 0.267405991959465 0.107582303630079 0.329343685648009 0.462028760334186 0.467419058279398 0.453164706152941 0.459520431168087 0.450847361937783 0.466953735263816 0.458341815913751 0.452770319279265 NaN 0.661786987021253 0.660433113130989 0.673623702791864 0.700104785835279 0.644184297589676 0.990241320992875 0.984607727714304 0.999019230689610 0.987533059038568 0.990947830488036 0.992212985068514 1.000000000000000 0.997869571213895 
NaN 0.596630441691168 0.603942976696737 0.656426250498942 0.646795412460662 0.552745420896249 0.890067898906454 0.901140848773596 0.881131077176323 0.722557002197336 0.893102301951043 0.899008574456946 0.907270030859960 0.903360076321234 0.308772335564170 0.150641813047717 0.234143662162437 0.296376942743962 0.120031889840904 0.369837136400138 0.518134353328418 0.521121316897732 0.509303906302587 0.515128804179769 0.506903481011624 0.520897902996010 0.513692235947457 0.508738596399645 NaN 0.639001767864606 0.637771602905508 0.649334362420546 0.674442455205213 0.619581188308234 0.992029022354539 0.990486810612283 0.999434224907383 0.995068501999556 0.988837369371168 0.989455296424762 0.997869571213895 1.000000000000000 
