0.311751556480348
-0.000000000000000
0.265147120121661
0.239597195542838
0.301423268192568
0.291536572443537
0.214470724424877
0.159418852796055
0.139516994855451
0.173497127518134
0.151443681808842
0.213735575018193
0.196747307689529
0.165819035123877
0.175849078592588
-0.000000000000000
0.008602642177867
0.011453662347711
0.024415354157376
0.011101410008589
0.022134623024286
0.022959585873490
0.021830422042919
0.016718520944533
0.028788971812790
0.018545890722599
0.020615456448606
0.018731022427353
0.018163359851420
-0.000000000000000
0.233835481437669
0.240750439404558
0.225185249015548
0.226216911365038
0.242623199988423
0.128933597672244
0.107875541842596
0.129941611138875
0.115999191454032
0.140488719854478
0.133221505495252
0.146261676061545
0.117780262552267
0.168650920804287
0.000000000000000
-0.117944849015104
-0.116461239409585
-0.126235058813968
-0.128799922787629
-0.122814547798383
0.022154408596243
0.027432092761675
0.016120136133156
0.048296308754205
0.028939559989885
0.030165669964172
0.036878341112366
0.031315516510748
0.000000000000000
0.169789588827073
0.210596690908501
0.311741181118785
0.186119528544388
0.315362784876811
0.267249993699547
0.233847511458942
0.205578069473587
0.333032761289123
0.226633197769128
0.225609327590971
0.218268945142996
0.217985678614398
0.000000000000000
-0.051482817280741
-0.058877874967252
-0.046857436571718
-0.042328664213647
-0.080520876600778
0.127876755412198
0.124687502104587
0.119225128504503
0.137190951536841
0.120763041182892
0.108457794011034
0.122414758799339
0.113931208001814
0.125978872567581
-0.000000000000000
-0.189287898607044
-0.160964311015076
-0.110445570398647
-0.143318652747632
-0.175918853302663
0.219172146608408
0.190101097898492
0.208839116168494
0.212576401145475
0.268339674912034
0.248325381742955
0.221274577915256
0.234113271788285
0.000000000000000
-0.174509900422405
-0.170068221576966
-0.216973024344659
-0.206949643211935
-0.172115267153450
-0.038110734565887
-0.051145182291248
-0.033880704861967
-0.059187233073538
-0.040965311438731
-0.046943931300483
-0.041020615274454
-0.039518041845451
-0.000000000000000
-0.194791828407499
-0.192788226293613
-0.172043072302447
-0.142481426101606
-0.190375722298525
0.118334707103391
0.091380806354409
0.117099824590652
0.093810506041609
0.131922567430652
0.127270462498354
0.134920432590661
0.107133452139357
0.073996415782080
-0.000000000000000
-0.101471605864556
-0.115251361360392
-0.120808644594211
-0.114118470188403
-0.119132011234723
0.090204056552549
0.099916041046571
0.073551168877321
0.135814581977940
0.110300010903086
0.103596846701464
0.110650209439592
0.107992011422209
-0.000000000000000
0.305029292694799
0.248961466147384
0.341925979850750
0.443173116739921
0.140689083152206
-0.255397944743216
-0.148459873037250
-0.187352509245457
-0.284669604558632
-0.200339105357325
-0.147295136208951
-0.174399414886747
-0.191300083252558
-0.000000000000000
0.031092117891690
0.008774194977649
0.072367000853381
0.103416723752691
-0.001555057137620
-0.024362040187689
-0.025732697910924
-0.037342553457042
-0.051919549506926
-0.009273177756404
-0.018512998960293
-0.028193599317521
-0.043598838878907
0.059875008399117
0.000000000000000
0.249107300071742
-0.049719618681051
-0.434843700795803
-0.120676516412749
-0.073918050203466
-0.135766260735153
-0.015085045355717
-0.226873628215094
0.684789225035887
-0.207480414806805
-0.157620196255684
0.033402085242126
-0.008144635789862
0.000000000000000
-0.055320499782560
-0.027086393987013
-0.088862771103078
-0.086046990905022
-0.042254629917437
0.017371932143093
-0.016116136732887
0.000112573309406
0.001699105303304
0.008195749566745
-0.012245151423705
0.007596897861872
0.014127779605200
0.000000000000000
0.082330602195308
0.138903016466373
0.108679554235268
0.128978306720283
0.112177512214250
0.082651069118455
0.063129238938428
-0.031524384357836
-0.033204943062152
0.094650477570242
0.082453621326356
-0.018764835091447
-0.013092816871775
