0.158855374634626
-0.000000000000000
0.243876170352616
0.227780842491991
0.229761507655808
0.210883872523592
0.213949440787549
0.163212947339902
0.170965083679443
0.131663080024562
0.119364205914831
0.163315672348936
0.135557639430374
0.131158529270191
0.130094687310762
-0.000000000000000
0.214647670725383
0.196343685547164
0.210195801685191
0.240109499741882
0.155988027067498
0.086600221654965
0.063366489984154
0.054586195222062
0.080852209418160
0.094854913090736
0.093902327820842
0.084093645633106
0.077950945477354
-0.000000000000000
0.217341725707990
0.216003329905206
0.212620346431263
0.203341494815316
0.199122822470665
0.110204199396348
0.106976544204937
0.110205151095397
0.088516058719264
0.121506293128976
0.115292176100660
0.109933476586952
0.111269961101618
0.062383189150189
0.000000000000000
-0.235861503207419
-0.214112231179333
-0.184490005765505
-0.189016749503764
-0.194900579671327
0.130374536019383
0.143560083291599
0.133351268819615
0.097131031345778
0.142250864265469
0.130938685571196
0.124806683932282
0.110429237529210
0.000000000000000
-0.059463226598097
-0.044753539866149
-0.032453703236484
0.056979065951973
-0.044854782719943
0.252880063066028
0.202744951504695
0.215720968287981
0.201454914167546
0.195224404983460
0.214449169168418
0.205072851214897
0.203490558628204
0.000000000000000
-0.153601490391709
-0.164976089831984
-0.141120466357536
-0.125126793007175
-0.169152145125875
0.151454942525628
0.148719845318440
0.149983108174840
0.150358401615472
0.142437917844925
0.148030752327958
0.143939900150965
0.145387266875587
0.029179019155874
-0.000000000000000
-0.044144803921205
-0.006975877558831
0.019575059864198
0.014695307171610
0.017120686174466
0.264735253554957
0.333161731742038
0.190498077732204
0.201081323560200
0.281685038263666
0.192724402006145
0.178723076099004
0.205149572228252
-0.000000000000000
-0.176160218774464
-0.254341292223272
-0.093313768971809
-0.067948085097034
-0.121324907413683
-0.242956457855903
-0.281034973725037
-0.308482769459939
-0.167928430846474
-0.137901567724988
-0.161046764936797
-0.175152260873976
-0.207081583788701
-0.000000000000000
-0.084490960303800
-0.074798538179597
-0.024614970264511
-0.003075814816996
-0.026948645765923
0.039030509476747
0.042384115751811
0.052570819993543
-0.034690061857836
0.102562430246657
0.073628880941571
0.055104628632500
0.069276583495777
0.025548436882385
-0.000000000000000
-0.200755223760971
-0.211553761211886
-0.068490657371124
-0.150363443334868
-0.171160376564839
0.033091319358659
0.046533479193822
-0.015885754169275
0.003699046651162
0.053097935455548
-0.005298878254830
0.002888079114798
0.000682742441729
0.000000000000000
0.295135871840338
0.267993786957737
0.502016555492669
0.412579862840111
0.306989977167659
-0.130085304739297
-0.111858669142844
-0.144356871709728
-0.101274257160579
-0.054187870818216
-0.071037213979241
-0.087317624991092
-0.103623198962335
-0.000000000000000
-0.103996998828680
-0.154156773824380
-0.053426092391754
-0.010320013117406
-0.180011146250608
-0.043546561396092
-0.049833165546378
-0.051654782855162
-0.077647088591328
-0.020338508294480
-0.044312765806939
-0.047623723717364
-0.044840843049551
