0.000000000000000 0.000000000000000 0.000000000000000 0.000000000000000 0.000000000000000 0.000000000000000 0.000000000000000 0.000000000000000 0.000000000000000 0.000000000000000 0.000000000000000 0.000000000000000 0.000000000000000 0.000000000000000 0.000000000000000 0.000000000000000 0.000000000000000 0.000000000000000 0.000000000000000 0.000000000000000 0.000000000000000 0.000000000000000 0.000000000000000 0.000000000000000 0.000000000000000 0.000000000000000 0.000000000000000 0.000000000000000 0.000000000000000 0.000000000000000 0.000000000000000 0.000000000000000 0.000000000000000 0.000000000000000 0.000000000000000 0.000000000000000 0.000000000000000 0.000000000000000 0.000000000000000 0.000000000000000 0.000000000000000 0.000000000000000 
0.000000000000000 0.001745329574336 0.001626329832591 0.001591584684016 0.001490474396730 0.001517375332713 0.000870492450890 0.000901764623062 0.000682803302461 0.000637395488716 0.000856964757551 0.000707514826432 0.000685523696456 0.000691469265543 -0.000000000000000 0.001343517639967 0.001223864029003 0.001261105033755 0.001373877021076 0.000965489801172 0.000327017815048 0.000229093774818 0.000168437411372 0.000332250772360 0.000416846811337 0.000396415927581 0.000347321081562 0.000314306636527 0.000000000000000 0.001495362261374 0.001503774659939 0.001445972437979 0.001367729761827 0.001405310861693 0.000543440930677 0.000526785483558 0.000545351335354 0.000418213070842 0.000615844189534 0.000576696515116 0.000548602955821 0.000554602128177 
0.000000000000000 0.001626329832591 0.001516960711117 0.001483750195877 0.001390346867034 0.001415728001081 0.000823380514294 0.000854690757936 0.000646753693844 0.000603472431844 0.000811211700157 0.000669675010463 0.000648450838228 0.000654463427010 -0.000000000000000 0.001243646970481 0.001130390034163 0.001166492256900 0.001276117094969 0.000892332935502 0.000306475972791 0.000212411699916 0.000155780338980 0.000311862188630 0.000390861798607 0.000371831327018 0.000325595182250 0.000294046254811 0.000000000000000 0.001392143668628 0.001400797199588 0.001347266313793 0.001274523911221 0.001310532726065 0.000513041096121 0.000497615551857 0.000515312186576 0.000394436792133 0.000581937581738 0.000545040597822 0.000518214422586 0.000524222139916 
0.000000000000000 0.001591584684016 0.001483750195877 0.001468013034516 0.001365388684535 0.001388357555358 0.000855642440222 0.000891662254223 0.000671530145760 0.000625526784099 0.000847099252984 0.000695406934974 0.000673703980698 0.000678397427160 -0.000000000000000 0.001271098306234 0.001154320332347 0.001218026171346 0.001331677710844 0.000920882935967 0.000322316698508 0.000222152808190 0.000162923280043 0.000325873805374 0.000409930784159 0.000390972307473 0.000341325864289 0.000307043092109 0.000000000000000 0.001373678454843 0.001376488989045 0.001336079810696 0.001269229556718 0.001283566770768 0.000532824936235 0.000516411530457 0.000534475342170 0.000408159360724 0.000604850219424 0.000565394584054 0.000537101041482 0.000543922647408 
0.000000000000000 0.001490474396730 0.001390346867034 0.001365388684535 0.001276232537986 0.001298946009292 0.000772726381126 0.000803818323215 0.000606517078220 0.000565920115479 0.000762785458804 0.000628006072957 0.000608127439821 0.000613589017609 -0.000000000000000 0.001154852248246 0.001048310048019 0.001092025118614 0.001194525072016 0.000831462363002 0.000284568606083 0.000195540124501 0.000142115488461 0.000289918484533 0.000364773588504 0.000346926821865 0.000303046827275 0.000272722205025 0.000000000000000 0.001278756291889 0.001285045069628 0.001240235647948 0.001175130791407 0.001201420777826 0.000479822977493 0.000465317361932 0.000481875907987 0.000367637091804 0.000545118845074 0.000509926349605 0.000484511539607 0.000490463378597 
0.000000000000000 0.001517375332713 0.001415728001081 0.001388357555358 0.001298946009292 0.001322318678367 0.000782464663572 0.000813813216232 0.000614258056795 0.000573295021451 0.000772023164280 0.000635964461007 0.000615745876126 0.000621538875913 -0.000000000000000 0.001168448779474 0.001060360767136 0.001102021543514 0.001206054241189 0.000840138819056 0.000286741710117 0.000196737809502 0.000142721280375 0.000292588284840 0.000368092124705 0.000349912388652 0.000305680167708 0.000275071987039 0.000000000000000 0.001300324179113 0.001307470788383 0.001260589664561 0.001193860106985 0.001223086022032 0.000485552071588 0.000470951657024 0.000487776804490 0.000372024174841 0.000551744889571 0.000516209301516 0.000490480308296 0.000496493884284 
0.000000000000000 0.000870492450890 0.000823380514294 0.000855642440222 0.000772726381126 0.000782464663572 0.000798757077483 0.000853089318632 0.000652532562931 0.000586308677260 0.000809458512278 0.000668079423145 0.000643870604422 0.000638103126082 0.000000000000000 0.000820564101678 0.000734430847728 0.000839074249291 0.001011440771275 0.000598991427147 0.000427411538036 0.000298092715222 0.000261624482314 0.000395179118586 0.000457475712068 0.000457725598806 0.000409038422008 0.000375386721494 0.000000000000000 0.000795937949176 0.000785755592532 0.000797412953138 0.000773097052467 0.000724338209095 0.000538597361027 0.000524536068460 0.000540731358320 0.000431361274450 0.000595393459900 0.000565597693230 0.000537204440511 0.000546697814934 
0.000000000000000 0.000901764623062 0.000854690757936 0.000891662254223 0.000803818323215 0.000813813216232 0.000853089318632 0.000913719096729 0.000696090862175 0.000626390820129 0.000865583288729 0.000712498391994 0.000686370464301 0.000681177352146 0.000000000000000 0.000851829903201 0.000758077810852 0.000877496861742 0.001060997459017 0.000622830203097 0.000442033099639 0.000303538042299 0.000264133778391 0.000410661280102 0.000477539928833 0.000477093699327 0.000425041940426 0.000388104132052 0.000000000000000 0.000824738791925 0.000813835510490 0.000829862666633 0.000806185351291 0.000751462439184 0.000569819628080 0.000555126796460 0.000572595994302 0.000453690412902 0.000632268961939 0.000599648545505 0.000568888817255 0.000579567977474 
0.000000000000000 0.000682803302461 0.000646753693844 0.000671530145760 0.000606517078220 0.000614258056795 0.000652532562931 0.000696090862175 0.000537719337414 0.000479572727784 0.000661578872976 0.000549658385120 0.000529504186994 0.000522817315099 -0.000000000000000 0.000650680430870 0.000585099769588 0.000661197776247 0.000812040053326 0.000472134643353 0.000380908309235 0.000271330648580 0.000244777071641 0.000346993191230 0.000394666013158 0.000397898597873 0.000358324120900 0.000332084083520 0.000000000000000 0.000629784385117 0.000621526744164 0.000629761722445 0.000610279114877 0.000571302691824 0.000451536630086 0.000440002391592 0.000453056188762 0.000367304882550 0.000494472410273 0.000472284088993 0.000449386540396 0.000456847897514 
0.000000000000000 0.000637395488716 0.000603472431844 0.000625526784099 0.000565920115479 0.000573295021451 0.000586308677260 0.000626390820129 0.000479572727784 0.000430694444521 0.000594057537987 0.000490798518335 0.000472852482240 0.000468732318072 -0.000000000000000 0.000594629125515 0.000531604463451 0.000606112139190 0.000734149413279 0.000432875570526 0.000314533499166 0.000219123491798 0.000192803165456 0.000290695441709 0.000335773073824 0.000336167493590 0.000300623699742 0.000276017012922 0.000000000000000 0.000581890102431 0.000575097299181 0.000582759488792 0.000564647397019 0.000530801621417 0.000395779778478 0.000385582667911 0.000397524864215 0.000317333581895 0.000437347973390 0.000415732745835 0.000394865727776 0.000401871548440 
0.000000000000000 0.000856964757551 0.000811211700157 0.000847099252984 0.000762785458804 0.000772023164280 0.000809458512278 0.000865583288729 0.000661578872976 0.000594057537987 0.000821214990636 0.000677194702923 0.000652595921849 0.000646513749259 0.000000000000000 0.000819684105698 0.000732700567811 0.000843328246563 0.001019103902127 0.000599580697368 0.000434118873799 0.000302111140133 0.000265399386373 0.000400953741661 0.000464046885252 0.000464628798365 0.000415066671134 0.000380652203138 0.000000000000000 0.000786824714759 0.000775598019175 0.000790388818309 0.000767661821003 0.000714296775249 0.000545877680789 0.000531647910333 0.000548033175264 0.000437025497147 0.000603506240030 0.000573222234833 0.000544315451072 0.000554120046156 
0.000000000000000 0.000707514826432 0.000669675010463 0.000695406934974 0.000628006072957 0.000635964461007 0.000668079423145 0.000712498391994 0.000549658385120 0.000490798518335 0.000677194702923 0.000562080217611 0.000541581285425 0.000534959701713 -0.000000000000000 0.000674039715749 0.000606186288488 0.000685452586989 0.000837825128981 0.000489777597162 0.000385685581870 0.000274349014874 0.000246534085079 0.000352029692124 0.000401519485750 0.000404317644266 0.000363727970754 0.000336725889867 0.000000000000000 0.000651707936438 0.000643097307978 0.000651567032292 0.000631361045208 0.000591165499023 0.000460718483818 0.000448855627841 0.000462221590843 0.000373990151936 0.000505130487490 0.000482058422640 0.000458614640627 0.000466239851106 
0.000000000000000 0.000685523696456 0.000648450838228 0.000673703980698 0.000608127439821 0.000615745876126 0.000643870604422 0.000686370464301 0.000529504186994 0.000472852482240 0.000652595921849 0.000541581285425 0.000521927696503 0.000515440496835 -0.000000000000000 0.000655307475527 0.000589921926874 0.000666687933502 0.000812825195038 0.000476618308733 0.000372238415417 0.000265228803641 0.000238232472848 0.000339707371562 0.000387685056788 0.000390316062587 0.000351120172106 0.000325131255641 0.000000000000000 0.000631697435028 0.000623123236709 0.000631339279237 0.000611755268931 0.000572456440575 0.000444172273553 0.000432659421898 0.000445505656253 0.000360574337814 0.000486911451425 0.000464612561723 0.000442064414099 0.000449352647848 
0.000000000000000 0.000691469265543 0.000654463427010 0.000678397427160 0.000613589017609 0.000621538875913 0.000638103126082 0.000681177352146 0.000522817315099 0.000468732318072 0.000646513749259 0.000534959701713 0.000515440496835 0.000510384074980 -0.000000000000000 0.000648483691606 0.000581046496890 0.000660038662750 0.000801068369056 0.000471768658865 0.000350485104932 0.000246021395656 0.000217963952245 0.000322632372992 0.000371190573357 0.000372274974249 0.000333573096464 0.000307142684382 0.000000000000000 0.000632705658018 0.000625094106226 0.000633050321930 0.000613243111004 0.000576227980346 0.000433680357721 0.000422491695850 0.000435412394653 0.000349116397343 0.000478016696427 0.000454955208001 0.000432367784363 0.000439854017394 
0.000000000000000 -0.000000000000000 -0.000000000000000 -0.000000000000000 -0.000000000000000 -0.000000000000000 0.000000000000000 0.000000000000000 -0.000000000000000 -0.000000000000000 0.000000000000000 -0.000000000000000 -0.000000000000000 -0.000000000000000 0.000000000000000 0.000000000000000 0.000000000000000 0.000000000000000 0.000000000000000 0.000000000000000 -0.000000000000000 -0.000000000000000 -0.000000000000000 -0.000000000000000 -0.000000000000000 -0.000000000000000 -0.000000000000000 -0.000000000000000 0.000000000000000 -0.000000000000000 -0.000000000000000 -0.000000000000000 -0.000000000000000 -0.000000000000000 -0.000000000000000 -0.000000000000000 -0.000000000000000 -0.000000000000000 -0.000000000000000 -0.000000000000000 -0.000000000000000 -0.000000000000000 
0.000000000000000 0.001343517639967 0.001243646970481 0.001271098306234 0.001154852248246 0.001168448779474 0.000820564101678 0.000851829903201 0.000650680430870 0.000594629125515 0.000819684105698 0.000674039715749 0.000655307475527 0.000648483691606 0.000000000000000 0.001259706681022 0.001163653918837 0.001256770327355 0.001377072629779 0.000932647028857 0.000421943150103 0.000316918623622 0.000264212390320 0.000397005668495 0.000478862301928 0.000469479226753 0.000417498234447 0.000386239394797 0.000000000000000 0.001205445261707 0.001189711262994 0.001177744548575 0.001128856711939 0.001087084584830 0.000547645311748 0.000529081139821 0.000544398232262 0.000434910029991 0.000605893303246 0.000570660590189 0.000544721648950 0.000550036480558 
0.000000000000000 0.001223864029003 0.001130390034163 0.001154320332347 0.001048310048019 0.001060360767136 0.000734430847728 0.000758077810852 0.000585099769588 0.000531604463451 0.000732700567811 0.000606186288488 0.000589921926874 0.000581046496890 0.000000000000000 0.001163653918837 0.001082582799058 0.001155140267173 0.001266641002613 0.000860665414975 0.000414895432361 0.000319944384577 0.000274439394001 0.000384164496657 0.000456363673313 0.000450360279886 0.000403600539048 0.000377502678696 0.000000000000000 0.001103728369588 0.001088204909134 0.001074041401689 0.001028157619153 0.000990409241787 0.000503585305859 0.000486243565850 0.000499495874040 0.000406316350000 0.000551456527695 0.000521764970621 0.000499358756277 0.000503146466197 
0.000000000000000 0.001261105033755 0.001166492256900 0.001218026171346 0.001092025118614 0.001102021543514 0.000839074249291 0.000877496861742 0.000661197776247 0.000606112139190 0.000843328246563 0.000685452586989 0.000666687933502 0.000660038662750 0.000000000000000 0.001256770327355 0.001155140267173 0.001290953129446 0.001407007353532 0.000943304830970 0.000404091419016 0.000296182554599 0.000239502165514 0.000383577040532 0.000471682006441 0.000460518850652 0.000405460840393 0.000370271748096 0.000000000000000 0.001144880055021 0.001122011120720 0.001130073994782 0.001091249859896 0.001020725808195 0.000548057103034 0.000528955680733 0.000544515399009 0.000427838277372 0.000611702835158 0.000572477850172 0.000544957186565 0.000551649440463 
0.000000000000000 0.001373877021076 0.001276117094969 0.001331677710844 0.001194525072016 0.001206054241189 0.001011440771275 0.001060997459017 0.000812040053326 0.000734149413279 0.001019103902127 0.000837825128981 0.000812825195038 0.000801068369056 0.000000000000000 0.001377072629779 0.001266641002613 0.001407007353532 0.001582537887779 0.001024903154138 0.000559823482521 0.000415040574407 0.000357552754323 0.000517010412950 0.000611416866433 0.000606709417184 0.000541629517918 0.000501515069562 0.000000000000000 0.001259732021164 0.001235031447532 0.001244046770914 0.001201733509522 0.001122092762272 0.000687345051149 0.000665294652027 0.000684057568073 0.000550771365128 0.000756401381826 0.000715206753006 0.000682010384247 0.000690358869562 
0.000000000000000 0.000965489801172 0.000892332935502 0.000920882935967 0.000831462363002 0.000840138819056 0.000598991427147 0.000622830203097 0.000472134643353 0.000432875570526 0.000599580697368 0.000489777597162 0.000476618308733 0.000471768658865 0.000000000000000 0.000932647028857 0.000860665414975 0.000943304830970 0.001024903154138 0.000695902306017 0.000295777690537 0.000220658537592 0.000180154356430 0.000280151089906 0.000342691830332 0.000334600830730 0.000295821838616 0.000271949079557 0.000000000000000 0.000870237344216 0.000855902292046 0.000853421901353 0.000820517744458 0.000780059992661 0.000394608161185 0.000380774252083 0.000391845425383 0.000310209325979 0.000438759010258 0.000411506538217 0.000392376920200 0.000396478854948 
0.000000000000000 0.000327017815048 0.000306475972791 0.000322316698508 0.000284568606083 0.000286741710117 0.000427411538036 0.000442033099639 0.000380908309235 0.000314533499166 0.000434118873799 0.000385685581870 0.000372238415417 0.000350485104932 -0.000000000000000 0.000421943150103 0.000414895432361 0.000404091419016 0.000559823482521 0.000295777690537 0.000499420572778 0.000405636550496 0.000407655633196 0.000418283994603 0.000432543991021 0.000455600211166 0.000429237441100 0.000422245561068 0.000000000000000 0.000350114732207 0.000338249946545 0.000335399982542 0.000322746471607 0.000289547427794 0.000385509970221 0.000375604786878 0.000381951143366 0.000355179525712 0.000386222638502 0.000386167349147 0.000374543760823 0.000375720988859 
0.000000000000000 0.000229093774818 0.000212411699916 0.000222152808190 0.000195540124501 0.000196737809502 0.000298092715222 0.000303538042299 0.000271330648580 0.000219123491798 0.000302111140133 0.000274349014874 0.000265228803641 0.000246021395656 -0.000000000000000 0.000316918623622 0.000319944384577 0.000296182554599 0.000415040574407 0.000220658537592 0.000405636550496 0.000336707734170 0.000341846247048 0.000335813867482 0.000342666345932 0.000363080073710 0.000344561197698 0.000342320708461 0.000000000000000 0.000254157452483 0.000244385677273 0.000238436128678 0.000227916853842 0.000204536140500 0.000289563141484 0.000281900469542 0.000285755476317 0.000274146858926 0.000283625010052 0.000286774693466 0.000279652271009 0.000279337162891 
0.000000000000000 0.000168437411372 0.000155780338980 0.000162923280043 0.000142115488461 0.000142721280375 0.000261624482314 0.000264133778391 0.000244777071641 0.000192803165456 0.000265399386373 0.000246534085079 0.000238232472848 0.000217963952245 -0.000000000000000 0.000264212390320 0.000274439394001 0.000239502165514 0.000357552754323 0.000180154356430 0.000407655633196 0.000341846247048 0.000350916287540 0.000334145147580 0.000335879879994 0.000358373794981 0.000342229733743 0.000342362435948 0.000000000000000 0.000202424743887 0.000193212618766 0.000185907815037 0.000176834379327 0.000156322633777 0.000272804900902 0.000265774247475 0.000268778264022 0.000264584869645 0.000261930205298 0.000267923896473 0.000262285360478 0.000261356993271 
0.000000000000000 0.000332250772360 0.000311862188630 0.000325873805374 0.000289918484533 0.000292588284840 0.000395179118586 0.000410661280102 0.000346993191230 0.000290695441709 0.000400953741661 0.000352029692124 0.000339707371562 0.000322632372992 -0.000000000000000 0.000397005668495 0.000384164496657 0.000383577040532 0.000517010412950 0.000280151089906 0.000418283994603 0.000335813867482 0.000334145147580 0.000353607452576 0.000369886851499 0.000387438428921 0.000363167674306 0.000355037182204 0.000000000000000 0.000341976190582 0.000332257797807 0.000330224359777 0.000317902513021 0.000289410012563 0.000340888487253 0.000332094857353 0.000338336554426 0.000308572833178 0.000346261204491 0.000343688864573 0.000332415667954 0.000334067014991 
0.000000000000000 0.000416846811337 0.000390861798607 0.000409930784159 0.000364773588504 0.000368092124705 0.000457475712068 0.000477539928833 0.000394666013158 0.000335773073824 0.000464046885252 0.000401519485750 0.000387685056788 0.000371190573357 -0.000000000000000 0.000478862301928 0.000456363673313 0.000471682006441 0.000611416866433 0.000342691830332 0.000432543991021 0.000342666345932 0.000335879879994 0.000369886851499 0.000393480114276 0.000409119375745 0.000380749006934 0.000369168879740 0.000000000000000 0.000417143830921 0.000405934466620 0.000406506045217 0.000392393129659 0.000357651745856 0.000375817212926 0.000365841902505 0.000373398265557 0.000332931706652 0.000387739757577 0.000381359467150 0.000367716580067 0.000370252931790 
0.000000000000000 0.000396415927581 0.000371831327018 0.000390972307473 0.000346926821865 0.000349912388652 0.000457725598806 0.000477093699327 0.000397898597873 0.000336167493590 0.000464628798365 0.000404317644266 0.000390316062587 0.000372274974249 -0.000000000000000 0.000469479226753 0.000450360279886 0.000460518850652 0.000606709417184 0.000334600830730 0.000455600211166 0.000363080073710 0.000358373794981 0.000387438428921 0.000409119375745 0.000426861272904 0.000398482205386 0.000387739890908 0.000000000000000 0.000403236111251 0.000391568568712 0.000391909501699 0.000378317690587 0.000342720600198 0.000384209145048 0.000374109845850 0.000381502403726 0.000343590736459 0.000393678171891 0.000388699531872 0.000375280853440 0.000377583483712 
0.000000000000000 0.000347321081562 0.000325595182250 0.000341325864289 0.000303046827275 0.000305680167708 0.000409038422008 0.000425041940426 0.000358324120900 0.000300623699742 0.000415066671134 0.000363727970754 0.000351120172106 0.000333573096464 -0.000000000000000 0.000417498234447 0.000403600539048 0.000405460840393 0.000541629517918 0.000295821838616 0.000429237441100 0.000344561197698 0.000342229733743 0.000363167674306 0.000380749006934 0.000398482205386 0.000373215550257 0.000364608160753 0.000000000000000 0.000357163842981 0.000346659261457 0.000345293969553 0.000332698533317 0.000301842062732 0.000351398638204 0.000342224587762 0.000348668916366 0.000317436271637 0.000357389552603 0.000354347212133 0.000342661858484 0.000344381092764 
0.000000000000000 0.000314306636527 0.000294046254811 0.000307043092109 0.000272722205025 0.000275071987039 0.000375386721494 0.000388104132052 0.000332084083520 0.000276017012922 0.000380652203138 0.000336725889867 0.000325131255641 0.000307142684382 -0.000000000000000 0.000386239394797 0.000377502678696 0.000370271748096 0.000501515069562 0.000271949079557 0.000422245561068 0.000342320708461 0.000342362435948 0.000355037182204 0.000369168879740 0.000387739890908 0.000364608160753 0.000358004244715 0.000000000000000 0.000327823013441 0.000317866301995 0.000314442189415 0.000302142271261 0.000274665850430 0.000332785547167 0.000324104401825 0.000329782942105 0.000304558872334 0.000335105908832 0.000334034107114 0.000323743424878 0.000324831692147 
0.000000000000000 0.000000000000000 0.000000000000000 0.000000000000000 0.000000000000000 0.000000000000000 0.000000000000000 0.000000000000000 0.000000000000000 0.000000000000000 0.000000000000000 0.000000000000000 0.000000000000000 0.000000000000000 0.000000000000000 0.000000000000000 0.000000000000000 0.000000000000000 0.000000000000000 0.000000000000000 0.000000000000000 0.000000000000000 0.000000000000000 0.000000000000000 0.000000000000000 0.000000000000000 0.000000000000000 0.000000000000000 0.000000000000000 0.000000000000000 0.000000000000000 0.000000000000000 0.000000000000000 0.000000000000000 0.000000000000000 0.000000000000000 0.000000000000000 0.000000000000000 0.000000000000000 0.000000000000000 0.000000000000000 0.000000000000000 
0.000000000000000 0.001495362261374 0.001392143668628 0.001373678454843 0.001278756291889 0.001300324179113 0.000795937949176 0.000824738791925 0.000629784385117 0.000581890102431 0.000786824714759 0.000651707936438 0.000631697435028 0.000632705658018 -0.000000000000000 0.001205445261707 0.001103728369588 0.001144880055021 0.001259732021164 0.000870237344216 0.000350114732207 0.000254157452483 0.000202424743887 0.000341976190582 0.000417143830921 0.000403236111251 0.000357163842981 0.000327823013441 0.000000000000000 0.001296992929323 0.001299159331939 0.001255897107982 0.001190970074559 0.001207385232923 0.000514042481146 0.000498160442800 0.000514503860111 0.000403364649677 0.000575274610859 0.000541558098586 0.000516170338923 0.000521426878380 
0.000000000000000 0.001503774659939 0.001400797199588 0.001376488989045 0.001285045069628 0.001307470788383 0.000785755592532 0.000813835510490 0.000621526744164 0.000575097299181 0.000775598019175 0.000643097307978 0.000623123236709 0.000625094106226 -0.000000000000000 0.001189711262994 0.001088204909134 0.001122011120720 0.001235031447532 0.000855902292046 0.000338249946545 0.000244385677273 0.000193212618766 0.000332257797807 0.000405934466620 0.000391568568712 0.000346659261457 0.000317866301995 0.000000000000000 0.001299159331939 0.001303596683941 0.001256508886792 0.001189953699910 0.001213818926091 0.000505363897641 0.000489945444629 0.000506267601774 0.000395975214115 0.000566377895255 0.000533169848103 0.000508099696611 0.000513272865936 
0.000000000000000 0.001445972437979 0.001347266313793 0.001336079810696 0.001240235647948 0.001260589664561 0.000797412953138 0.000829862666633 0.000629761722445 0.000582759488792 0.000790388818309 0.000651567032292 0.000631339279237 0.000633050321930 -0.000000000000000 0.001177744548575 0.001074041401689 0.001130073994782 0.001244046770914 0.000853421901353 0.000335399982542 0.000238436128678 0.000185907815037 0.000330224359777 0.000406506045217 0.000391909501699 0.000345293969553 0.000314442189415 0.000000000000000 0.001255897107982 0.001256508886792 0.001220691760041 0.001160168021566 0.001168129096467 0.000508821085068 0.000493154205483 0.000509633494249 0.000395790165898 0.000572273546032 0.000537302690505 0.000511301043388 0.000517282986115 
0.000000000000000 0.001367729761827 0.001274523911221 0.001269229556718 0.001175130791407 0.001193860106985 0.000773097052467 0.000806185351291 0.000610279114877 0.000564647397019 0.000767661821003 0.000631361045208 0.000611755268931 0.000613243111004 -0.000000000000000 0.001128856711939 0.001028157619153 0.001091249859896 0.001201733509522 0.000820517744458 0.000322746471607 0.000227916853842 0.000176834379327 0.000317902513021 0.000392393129659 0.000378317690587 0.000332698533317 0.000302142271261 0.000000000000000 0.001190970074559 0.001189953699910 0.001160168021566 0.001104420271128 0.001105416651043 0.000491933926819 0.000476737190748 0.000492674680372 0.000381601673211 0.000553996827300 0.000519623976650 0.000494189587523 0.000500286872689 
0.000000000000000 0.001405310861693 0.001310532726065 0.001283566770768 0.001201420777826 0.001223086022032 0.000724338209095 0.000751462439184 0.000571302691824 0.000530801621417 0.000714296775249 0.000591165499023 0.000572456440575 0.000576227980346 -0.000000000000000 0.001087084584830 0.000990409241787 0.001020725808195 0.001122092762272 0.000780059992661 0.000289547427794 0.000204536140500 0.000156322633777 0.000289410012563 0.000357651745856 0.000342720600198 0.000301842062732 0.000274665850430 0.000000000000000 0.001207385232923 0.001213818926091 0.001168129096467 0.001105416651043 0.001133685519145 0.000458282673401 0.000444526304948 0.000459898358195 0.000355722613460 0.000516825392096 0.000485399368415 0.000461979594555 0.000467090329788 
0.000000000000000 0.000543440930677 0.000513041096121 0.000532824936235 0.000479822977493 0.000485552071588 0.000538597361027 0.000569819628080 0.000451536630086 0.000395779778478 0.000545877680789 0.000460718483818 0.000444172273553 0.000433680357721 -0.000000000000000 0.000547645311748 0.000503585305859 0.000548057103034 0.000687345051149 0.000394608161185 0.000385509970221 0.000289563141484 0.000272804900902 0.000340888487253 0.000375817212926 0.000384209145048 0.000351398638204 0.000332785547167 0.000000000000000 0.000514042481146 0.000505363897641 0.000508821085068 0.000491933926819 0.000458282673401 0.000398282643335 0.000387984549846 0.000398098200943 0.000335840920828 0.000425850677319 0.000411585604215 0.000393750359488 0.000398712076385 
0.000000000000000 0.000526785483558 0.000497615551857 0.000516411530457 0.000465317361932 0.000470951657024 0.000524536068460 0.000555126796460 0.000440002391592 0.000385582667911 0.000531647910333 0.000448855627841 0.000432659421898 0.000422491695850 -0.000000000000000 0.000529081139821 0.000486243565850 0.000528955680733 0.000665294652027 0.000380774252083 0.000375604786878 0.000281900469542 0.000265774247475 0.000332094857353 0.000365841902505 0.000374109845850 0.000342224587762 0.000324104401825 0.000000000000000 0.000498160442800 0.000489945444629 0.000493154205483 0.000476737190748 0.000444526304948 0.000387984549846 0.000378013833468 0.000387887629399 0.000327250430762 0.000414814177730 0.000401011475651 0.000383616933913 0.000388483434345 
0.000000000000000 0.000545351335354 0.000515312186576 0.000534475342170 0.000481875907987 0.000487776804490 0.000540731358320 0.000572595994302 0.000453056188762 0.000397524864215 0.000548033175264 0.000462221590843 0.000445505656253 0.000435412394653 -0.000000000000000 0.000544398232262 0.000499495874040 0.000544515399009 0.000684057568073 0.000391845425383 0.000381951143366 0.000285755476317 0.000268778264022 0.000338336554426 0.000373398265557 0.000381502403726 0.000348668916366 0.000329782942105 0.000000000000000 0.000514503860111 0.000506267601774 0.000509633494249 0.000492674680372 0.000459898358195 0.000398098200943 0.000387887629399 0.000398121199640 0.000334992830601 0.000426327751083 0.000411823817202 0.000393815843213 0.000398917954016 
0.000000000000000 0.000418213070842 0.000394436792133 0.000408159360724 0.000367637091804 0.000372024174841 0.000431361274450 0.000453690412902 0.000367304882550 0.000317333581895 0.000437025497147 0.000373990151936 0.000360574337814 0.000349116397343 -0.000000000000000 0.000434910029991 0.000406316350000 0.000427838277372 0.000550771365128 0.000310209325979 0.000355179525712 0.000274146858926 0.000264584869645 0.000308572833178 0.000332931706652 0.000343590736459 0.000317436271637 0.000304558872334 0.000000000000000 0.000403364649677 0.000395975214115 0.000395790165898 0.000381601673211 0.000355722613460 0.000335840920828 0.000327250430762 0.000334992830601 0.000290660037283 0.000352757522619 0.000344219264691 0.000330570702278 0.000333843313276 
0.000000000000000 0.000615844189534 0.000581937581738 0.000604850219424 0.000545118845074 0.000551744889571 0.000595393459900 0.000632268961939 0.000494472410273 0.000437347973390 0.000603506240030 0.000505130487490 0.000486911451425 0.000478016696427 -0.000000000000000 0.000605893303246 0.000551456527695 0.000611702835158 0.000756401381826 0.000438759010258 0.000386222638502 0.000283625010052 0.000261930205298 0.000346261204491 0.000387739757577 0.000393678171891 0.000357389552603 0.000335105908832 0.000000000000000 0.000575274610859 0.000566377895255 0.000572273546032 0.000553996827300 0.000516825392096 0.000425850677319 0.000414814177730 0.000426327751083 0.000352757522619 0.000460746721426 0.000442584822008 0.000422312612275 0.000428413462498 
0.000000000000000 0.000576696515116 0.000545040597822 0.000565394584054 0.000509926349605 0.000516209301516 0.000565597693230 0.000599648545505 0.000472284088993 0.000415732745835 0.000573222234833 0.000482058422640 0.000464612561723 0.000454955208001 -0.000000000000000 0.000570660590189 0.000521764970621 0.000572477850172 0.000715206753006 0.000411506538217 0.000386167349147 0.000286774693466 0.000267923896473 0.000343688864573 0.000381359467150 0.000388699531872 0.000354347212133 0.000334034107114 0.000000000000000 0.000541558098586 0.000533169848103 0.000537302690505 0.000519623976650 0.000485399368415 0.000411585604215 0.000401011475651 0.000411823817202 0.000344219264691 0.000442584822008 0.000426607034574 0.000407594248421 0.000413124355961 
0.000000000000000 0.000548602955821 0.000518214422586 0.000537101041482 0.000484511539607 0.000490480308296 0.000537204440511 0.000568888817255 0.000449386540396 0.000394865727776 0.000544315451072 0.000458614640627 0.000442064414099 0.000432367784363 -0.000000000000000 0.000544721648950 0.000499358756277 0.000544957186565 0.000682010384247 0.000392376920200 0.000374543760823 0.000279652271009 0.000262285360478 0.000332415667954 0.000367716580067 0.000375280853440 0.000342661858484 0.000323743424878 0.000000000000000 0.000516170338923 0.000508099696611 0.000511301043388 0.000494189587523 0.000461979594555 0.000393750359488 0.000383616933913 0.000393815843213 0.000330570702278 0.000422312612275 0.000407594248421 0.000389670546848 0.000394767351444 
0.000000000000000 0.000554602128177 0.000524222139916 0.000543922647408 0.000490463378597 0.000496493884284 0.000546697814934 0.000579567977474 0.000456847897514 0.000401871548440 0.000554120046156 0.000466239851106 0.000449352647848 0.000439854017394 -0.000000000000000 0.000550036480558 0.000503146466197 0.000551649440463 0.000690358869562 0.000396478854948 0.000375720988859 0.000279337162891 0.000261356993271 0.000334067014991 0.000370252931790 0.000377583483712 0.000344381092764 0.000324831692147 0.000000000000000 0.000521426878380 0.000513272865936 0.000517282986115 0.000500286872689 0.000467090329788 0.000398712076385 0.000388483434345 0.000398917954016 0.000333843313276 0.000428413462498 0.000413124355961 0.000394767351444 0.000400093439995 
