0.001690646288639
0.001522670432771
0.001351334861463
0.001305246960951
0.001476746520797
0.001094822549784
0.001358839183831
0.001430427895687
0.000929027124527
0.000791173313975
0.001181310379049
0.001096369550591
0.000929791429030
0.000873151778057
0.000867958627690
0.001428014960422
0.001295854302522
0.001300600717061
0.001753055590338
0.001039442777499
0.000726570779038
0.000953890024307
0.000699235024499
0.000673295315107
0.000704194089862
0.000827932215439
0.000700383377902
0.000776790768970
0.000674012926106
0.000624540361651
0.001079812962440
0.001176489261398
0.001295298227531
0.001205951207132
0.001101099026110
0.001178100457373
0.001497188233174
0.000673632351920
0.001282447197184
0.001084823489316
0.001230009800928
0.000799754503362
0.001324576981536
0.000969664677484
0.000714517301751
0.001411983509110
0.001368311259517
0.001510584298766
0.001322784600115
0.001276007784906
0.000635792535252
0.000636065327225
0.000653134900621
0.000670726334609
0.000516517423878
0.001022361116767
0.001034622447391
0.000599353675709
0.000770884301878
0.000594330962485
0.001608375960345
0.001467534918476
0.001465047253293
0.001483699323501
0.001123286390184
0.000758233778931
0.000627143914080
0.000743848461698
0.000683793350401
0.000538636282977
0.000747982056025
0.000720213892086
0.000678324629808
0.000669367071709
0.000558850947393
