0.000000000000000
0.000016902134967
0.000008029323506
0.000003733323077
0.000013788962598
0.000018950846302
0.000047209448130
0.000028815159159
0.000019255659532
0.000035491325717
0.000013930198003
0.000004876191752
0.000005066142385
0.000008335008567
0.000000000000000
0.000022691846103
0.000031121735489
0.000058266690026
0.000167873198419
0.000128654645298
0.000027589650555
0.000016694003399
0.000004488740493
0.000022062950224
0.000013378467060
0.000005077271708
0.000003625092845
0.000006011011213
0.000000000000000
0.000005404672768
0.000003885983037
0.000007643086104
0.000008359773140
0.000005765000604
0.000004295687123
0.000003103485183
0.000003114720597
0.000007591592214
0.000005212817009
0.000004703843007
0.000007302616431
0.000003436200338
