0.000000000000000 0.000000000000000 0.000000000000000 0.000000000000000 0.000000000000000 0.000000000000000 0.000000000000000 0.000000000000000 0.000000000000000 0.000000000000000 0.000000000000000 0.000000000000000 0.000000000000000 0.000000000000000 0.000000000000000 0.000000000000000 0.000000000000000 0.000000000000000 0.000000000000000 0.000000000000000 0.000000000000000 0.000000000000000 0.000000000000000 0.000000000000000 0.000000000000000 0.000000000000000 0.000000000000000 0.000000000000000 0.000000000000000 0.000000000000000 0.000000000000000 0.000000000000000 0.000000000000000 0.000000000000000 0.000000000000000 0.000000000000000 0.000000000000000 0.000000000000000 0.000000000000000 0.000000000000000 0.000000000000000 0.000000000000000 
0.000000000000000 0.001762231709303 0.001633341166292 0.001593812729196 0.001491967486803 0.001508524791901 0.000868503347569 0.000902893738684 0.000689572837259 0.000645514211102 0.000862349638602 0.000708891686550 0.000686928495456 0.000692334260870 0.000000000000000 0.001347476554325 0.001220495095825 0.001269853396805 0.001360424208466 0.000971833916813 0.000327240134727 0.000232107025600 0.000167061501402 0.000335293485704 0.000422266397116 0.000396751674495 0.000348183257284 0.000319052796643 0.000000000000000 0.001492738011443 0.001501842961782 0.001440389596372 0.001358301139887 0.001397038789409 0.000541110273958 0.000523037656727 0.000542596228369 0.000413682970910 0.000611824492856 0.000572917334489 0.000544817990047 0.000550485200092 
0.000000000000000 0.001633341166292 0.001524990034623 0.001483821983607 0.001388811286918 0.001411011762649 0.000811026788495 0.000860489162708 0.000653842260231 0.000608942994402 0.000816444507902 0.000669760585476 0.000647465722483 0.000652249789746 0.000000000000000 0.001241291298052 0.001119002870762 0.001167623756030 0.001282248909554 0.000899008405037 0.000311652372088 0.000209717973866 0.000155660729183 0.000317569390316 0.000391187943084 0.000373370837836 0.000328037665005 0.000295025762062 0.000000000000000 0.001390553108169 0.001400715660467 0.001347257630222 0.001271848843982 0.001306972949788 0.000509856224554 0.000495382633898 0.000513087581741 0.000391649779047 0.000577459722413 0.000541167947190 0.000513498564992 0.000522210102549 
0.000000000000000 0.001593812729196 0.001483821983607 0.001471746357592 0.001366668501134 0.001389572998382 0.000859963076710 0.000890587535612 0.000668741264193 0.000624645881730 0.000848470548500 0.000695610348040 0.000673596184535 0.000678699511230 0.000000000000000 0.001270207709975 0.001156177681864 0.001222805919214 0.001328838769010 0.000916545583279 0.000321567942740 0.000223776789404 0.000162224794556 0.000326004766684 0.000412685107704 0.000391369785771 0.000341298341956 0.000308042044428 0.000000000000000 0.001372132535005 0.001374943743135 0.001333762014610 0.001266347109288 0.001282050783949 0.000532801725100 0.000515835688251 0.000533778862368 0.000407223067543 0.000605253654072 0.000564649883449 0.000536832001758 0.000542690740265 
0.000000000000000 0.001491967486803 0.001388811286918 0.001366668501134 0.001290021500585 0.001292949816842 0.000779244142999 0.000793372809775 0.000607021263596 0.000577262874073 0.000757841549312 0.000629877870427 0.000611922984413 0.000620587926349 0.000000000000000 0.001157734758716 0.001049359282238 0.001103843777016 0.001161063608788 0.000855284846200 0.000275193819963 0.000205188665168 0.000142578279082 0.000288206608321 0.000368763446688 0.000342229803919 0.000300374252120 0.000277993334206 0.000000000000000 0.001272594062764 0.001279754757567 0.001235584991239 0.001174122318158 0.001201910099633 0.000482253188255 0.000465956110844 0.000483543616805 0.000370513266806 0.000545654407308 0.000510909972325 0.000487709934171 0.000490346998977 
0.000000000000000 0.001508524791901 0.001411011762649 0.001389572998382 0.001292949816842 0.001341269524669 0.000781570063539 0.000814807029274 0.000606074819187 0.000564492073644 0.000773582691526 0.000634035181142 0.000615075045032 0.000618913125705 0.000000000000000 0.001164928816362 0.001063622897879 0.001101668588440 0.001222338354430 0.000820175539898 0.000287871295830 0.000193247089461 0.000142254303372 0.000289655811577 0.000367222582855 0.000353408721690 0.000308457162701 0.000270485080387 0.000000000000000 0.001301222593671 0.001307050343474 0.001259385784336 0.001194019301531 0.001228447666470 0.000486367789460 0.000472385517762 0.000487331143713 0.000373477724232 0.000556311389058 0.000517080547006 0.000492162949092 0.000498740595791 
0.000000000000000 0.000868503347569 0.000811026788495 0.000859963076710 0.000779244142999 0.000781570063539 0.000845966525613 0.000837048962691 0.000633958018579 0.000568717418785 0.000796790303095 0.000669217630700 0.000646448482576 0.000643497982461 0.000000000000000 0.000830843036510 0.000764368598994 0.000843031227066 0.000990756709779 0.000573130007760 0.000412285922625 0.000309262291705 0.000259865136802 0.000381552665284 0.000464605591441 0.000455096948303 0.000400740658259 0.000377190777218 0.000000000000000 0.000798131354566 0.000785515075392 0.000791990347439 0.000771188237502 0.000723675825631 0.000546089967681 0.000527135705232 0.000544358242484 0.000432165314626 0.000604754960983 0.000574627639360 0.000546823600273 0.000546965641412 
0.000000000000000 0.000902893738684 0.000860489162708 0.000890587535612 0.000793372809775 0.000814807029274 0.000837048962691 0.000942534255887 0.000695213030580 0.000613571769021 0.000878717329848 0.000706425559264 0.000676448326660 0.000668000157221 0.000000000000000 0.000845665729975 0.000741278741307 0.000851565465326 0.001112803281021 0.000615814369963 0.000463718902616 0.000292204398084 0.000264698044230 0.000418133095117 0.000469570299114 0.000485314999022 0.000427995587726 0.000379673172526 0.000000000000000 0.000830739685833 0.000819501238052 0.000836755849363 0.000806376845517 0.000749186591408 0.000562834797622 0.000552830662936 0.000569385366104 0.000447166221258 0.000626659633045 0.000594368214054 0.000558455639785 0.000577790965432 
0.000000000000000 0.000689572837259 0.000653842260231 0.000668741264193 0.000607021263596 0.000606074819187 0.000633958018579 0.000695213030580 0.000556974996947 0.000495174963533 0.000664223114062 0.000552965407542 0.000531822285739 0.000524015855707 0.000000000000000 0.000648930928318 0.000575768221335 0.000667180931119 0.000802810617016 0.000489766803453 0.000381891389370 0.000268281566075 0.000245956390930 0.000354909546972 0.000395412579265 0.000395455659823 0.000361087881188 0.000337081920172 0.000000000000000 0.000627281782104 0.000620631584705 0.000630368612653 0.000610174725764 0.000569373982834 0.000448096845609 0.000436965829208 0.000450792121452 0.000365350630614 0.000487400028723 0.000468441637235 0.000445168671990 0.000454381819092 
0.000000000000000 0.000645514211102 0.000608942994402 0.000624645881730 0.000577262874073 0.000564492073644 0.000568717418785 0.000613571769021 0.000495174963533 0.000466185770239 0.000593537768978 0.000494874099259 0.000480738849582 0.000479895117800 0.000000000000000 0.000595255883346 0.000521963547947 0.000633033236819 0.000679147607023 0.000480085590232 0.000301972181294 0.000229233678695 0.000194981905830 0.000296176065689 0.000341659704783 0.000329237069332 0.000302068303903 0.000285689591986 0.000000000000000 0.000572497940874 0.000568078134453 0.000576717706207 0.000561524732093 0.000530442211510 0.000395309040759 0.000384315728485 0.000396814449557 0.000321127790106 0.000432781613810 0.000411500499927 0.000394863858101 0.000400533527326 
0.000000000000000 0.000862349638602 0.000816444507902 0.000848470548500 0.000757841549312 0.000773582691526 0.000796790303095 0.000878717329848 0.000664223114062 0.000593537768978 0.000835145188639 0.000677089168592 0.000649003008813 0.000639759872256 0.000000000000000 0.000811385241187 0.000722856317893 0.000839564510286 0.001037968245592 0.000599271027404 0.000447740523295 0.000295882715084 0.000262321379871 0.000409533685396 0.000466852602100 0.000468929180544 0.000418714722192 0.000380193447954 0.000000000000000 0.000788131761976 0.000776948717439 0.000791328699633 0.000763961472224 0.000711827214767 0.000539497831287 0.000526701983347 0.000542754546556 0.000429655354261 0.000598606263562 0.000566385948290 0.000536143947389 0.000549653928970 
0.000000000000000 0.000708891686550 0.000669760585476 0.000695610348040 0.000629877870427 0.000634035181142 0.000669217630700 0.000706425559264 0.000552965407542 0.000494874099259 0.000677089168592 0.000566956409363 0.000543757540545 0.000536625901717 0.000000000000000 0.000669809301306 0.000610551960111 0.000690018899440 0.000830068936815 0.000492924858102 0.000382946676147 0.000273198916854 0.000244905448705 0.000357157536320 0.000406854119371 0.000401832732509 0.000363564904779 0.000339955942896 0.000000000000000 0.000651024323062 0.000642256414966 0.000650992672276 0.000631227720338 0.000590644677581 0.000459747763853 0.000447535039241 0.000460735111500 0.000372303620191 0.000504004600415 0.000481039160384 0.000458174827571 0.000464297594789 
0.000000000000000 0.000686928495456 0.000647465722483 0.000673596184535 0.000611922984413 0.000615075045032 0.000646448482576 0.000676448326660 0.000531822285739 0.000480738849582 0.000649003008813 0.000543757540545 0.000526993838889 0.000520804544939 0.000000000000000 0.000659658719608 0.000595113524958 0.000678035283922 0.000789763072188 0.000481299988309 0.000363105490813 0.000271011267490 0.000238284575265 0.000337366142753 0.000391433960362 0.000386968118576 0.000350656165632 0.000328735354867 0.000000000000000 0.000629029868142 0.000620509970070 0.000627538848025 0.000610384156713 0.000572871771942 0.000445894079113 0.000432643264505 0.000445893443787 0.000362314011259 0.000488591825700 0.000465886905647 0.000445480411529 0.000449727043586 
0.000000000000000 0.000692334260870 0.000652249789746 0.000678699511230 0.000620587926349 0.000618913125705 0.000643497982461 0.000668000157221 0.000524015855707 0.000479895117800 0.000639759872256 0.000536625901717 0.000520804544939 0.000518719083547 0.000000000000000 0.000654111045765 0.000586409096541 0.000675504279746 0.000766523528492 0.000484124784487 0.000338324398721 0.000254934137136 0.000218850944795 0.000318262814515 0.000373757514368 0.000367694647969 0.000331924660383 0.000311587111480 0.000000000000000 0.000628532620504 0.000621461185898 0.000628857292773 0.000612530143249 0.000577093310472 0.000437394514939 0.000424004127689 0.000437637758506 0.000353607784647 0.000480244729909 0.000457154326909 0.000437635767983 0.000441176532964 
0.000000000000000 0.000000000000000 0.000000000000000 0.000000000000000 0.000000000000000 0.000000000000000 0.000000000000000 0.000000000000000 0.000000000000000 0.000000000000000 0.000000000000000 0.000000000000000 0.000000000000000 0.000000000000000 0.000000000000000 0.000000000000000 0.000000000000000 0.000000000000000 0.000000000000000 0.000000000000000 0.000000000000000 0.000000000000000 0.000000000000000 0.000000000000000 0.000000000000000 0.000000000000000 0.000000000000000 0.000000000000000 0.000000000000000 0.000000000000000 0.000000000000000 0.000000000000000 0.000000000000000 0.000000000000000 0.000000000000000 0.000000000000000 0.000000000000000 0.000000000000000 0.000000000000000 0.000000000000000 0.000000000000000 0.000000000000000 
0.000000000000000 0.001347476554325 0.001241291298052 0.001270207709975 0.001157734758716 0.001164928816362 0.000830843036510 0.000845665729975 0.000648930928318 0.000595255883346 0.000811385241187 0.000669809301306 0.000659658719608 0.000654111045765 0.000000000000000 0.001282398527125 0.001171078832673 0.001259456978890 0.001356310695767 0.000925475752992 0.000412313710784 0.000328429496659 0.000266959941428 0.000380974879043 0.000474206473336 0.000467187306377 0.000414980047261 0.000386486131754 0.000000000000000 0.001204352040964 0.001188002548755 0.001172436401395 0.001125604160297 0.001084834619597 0.000552902942362 0.000530880129788 0.000548430706387 0.000439139921039 0.000611125291093 0.000576707134795 0.000552664711272 0.000553965269089 
0.000000000000000 0.001220495095825 0.001119002870762 0.001156177681864 0.001049359282238 0.001063622897879 0.000764368598994 0.000741278741307 0.000575768221335 0.000521963547947 0.000722856317893 0.000610551960111 0.000595113524958 0.000586409096541 0.000000000000000 0.001171078832673 0.001113704534547 0.001157915539865 0.001250347084854 0.000833936455227 0.000399766918320 0.000325375118626 0.000273435509008 0.000376134009798 0.000463011745314 0.000445423508604 0.000398808226367 0.000379399588191 0.000000000000000 0.001106944363917 0.001088253541933 0.001070477334589 0.001027480526305 0.000990901492602 0.000508391272519 0.000487803753615 0.000501174438624 0.000407004456366 0.000559326971899 0.000528761404335 0.000507840810987 0.000503815337322 
0.000000000000000 0.001269853396805 0.001167623756030 0.001222805919214 0.001103843777016 0.001101668588440 0.000843031227066 0.000851565465326 0.000667180931119 0.000633033236819 0.000839564510286 0.000690018899440 0.000678035283922 0.000675504279746 0.000000000000000 0.001259456978890 0.001157915539865 0.001349219819472 0.001332378312718 0.000953690317945 0.000383185544190 0.000313597769303 0.000237444164692 0.000379882775581 0.000485278337064 0.000456236344291 0.000408358745446 0.000383461616554 0.000000000000000 0.001133011462080 0.001113359080859 0.001117535858488 0.001083695928127 0.001021894698862 0.000552737727856 0.000527508121793 0.000543855826586 0.000431126563041 0.000612630899491 0.000569979419808 0.000549950677468 0.000549210642603 
0.000000000000000 0.001360424208466 0.001282248909554 0.001328838769010 0.001161063608788 0.001222338354430 0.000990756709779 0.001112803281021 0.000802810617016 0.000679147607023 0.001037968245592 0.000830068936815 0.000789763072188 0.000766523528492 0.000000000000000 0.001356310695767 0.001250347084854 0.001332378312718 0.001750411086199 0.000947450840603 0.000609023393088 0.000371702258736 0.000358403244100 0.000529583802765 0.000591717045460 0.000625150443866 0.000549017587750 0.000478047016554 0.000000000000000 0.001279329045516 0.001252305059354 0.001266492033131 0.001211038228231 0.001121149304710 0.000674941140694 0.000663186866593 0.000678029025883 0.000536341073236 0.000751093759405 0.000710551860898 0.000664973109190 0.000689487917192 
0.000000000000000 0.000971833916813 0.000899008405037 0.000916545583279 0.000855284846200 0.000820175539898 0.000573130007760 0.000615814369963 0.000489766803453 0.000480085590232 0.000599271027404 0.000492924858102 0.000481299988309 0.000484124784487 0.000000000000000 0.000925475752992 0.000833936455227 0.000953690317945 0.000947450840603 0.000824556951315 0.000286341484292 0.000235244143588 0.000181015260714 0.000294080540612 0.000346187279391 0.000324034708858 0.000290556426227 0.000281946769319 0.000000000000000 0.000857366868938 0.000845912447759 0.000849435026609 0.000821601529431 0.000781220414587 0.000393713737495 0.000382362345528 0.000394880197812 0.000320467801174 0.000430181859444 0.000407044970220 0.000390275880844 0.000396874660515 
0.000000000000000 0.000327240134727 0.000311652372088 0.000321567942740 0.000275193819963 0.000287871295830 0.000412285922625 0.000463718902616 0.000381891389370 0.000301972181294 0.000447740523295 0.000382946676147 0.000363105490813 0.000338324398721 0.000000000000000 0.000412313710784 0.000399766918320 0.000383185544190 0.000609023393088 0.000286341484292 0.000527010223333 0.000390425317903 0.000404382015946 0.000423908001703 0.000425191530088 0.000462508802677 0.000433437179732 0.000417441267158 0.000000000000000 0.000355133344564 0.000343560458823 0.000343298815480 0.000324553415767 0.000287669945317 0.000379113802521 0.000371812617480 0.000378492463146 0.000348086151073 0.000380590774303 0.000380387744551 0.000365660074778 0.000373263371106 
0.000000000000000 0.000232107025600 0.000209717973866 0.000223776789404 0.000205188665168 0.000193247089461 0.000309262291705 0.000292204398084 0.000268281566075 0.000229233678695 0.000295882715084 0.000273198916854 0.000271011267490 0.000254934137136 0.000000000000000 0.000328429496659 0.000325375118626 0.000313597769303 0.000371702258736 0.000235244143588 0.000390425317903 0.000353401737569 0.000343000339377 0.000327210360279 0.000346327639379 0.000358534287581 0.000341367952282 0.000346396081917 0.000000000000000 0.000248971030005 0.000239442889137 0.000231190378518 0.000224642671059 0.000204556398556 0.000294071298171 0.000283186540131 0.000288295379541 0.000278646256227 0.000287619729223 0.000289978115487 0.000285986369297 0.000280877241295 
0.000000000000000 0.000167061501402 0.000155660729183 0.000162224794556 0.000142578279082 0.000142254303372 0.000259865136802 0.000264698044230 0.000245956390930 0.000194981905830 0.000262321379871 0.000244905448705 0.000238284575265 0.000218850944795 0.000000000000000 0.000266959941428 0.000273435509008 0.000237444164692 0.000358403244100 0.000181015260714 0.000404382015946 0.000343000339377 0.000355405028034 0.000331377512020 0.000332246882092 0.000357707552754 0.000342142610644 0.000341282154757 0.000000000000000 0.000201972374728 0.000193025261486 0.000186189857623 0.000178024402387 0.000157070177426 0.000273704520714 0.000267245288958 0.000270038533954 0.000266684816959 0.000262206660391 0.000268941101602 0.000263115506780 0.000262759019540 
0.000000000000000 0.000335293485704 0.000317569390316 0.000326004766684 0.000288206608321 0.000289655811577 0.000381552665284 0.000418133095117 0.000354909546972 0.000296176065689 0.000409533685396 0.000357157536320 0.000337366142753 0.000318262814515 0.000000000000000 0.000380974879043 0.000376134009798 0.000379882775581 0.000529583802765 0.000294080540612 0.000423908001703 0.000327210360279 0.000331377512020 0.000375670402801 0.000377336133443 0.000388343808497 0.000364065224612 0.000355496547264 0.000000000000000 0.000342608468552 0.000332933029619 0.000333590430674 0.000317984555642 0.000287671899889 0.000333420012687 0.000328792825463 0.000333044494351 0.000302370485924 0.000338559550693 0.000337311587358 0.000323015229443 0.000328799421057 
0.000000000000000 0.000422266397116 0.000391187943084 0.000412685107704 0.000368763446688 0.000367222582855 0.000464605591441 0.000469570299114 0.000395412579265 0.000341659704783 0.000466852602100 0.000406854119371 0.000391433960362 0.000373757514368 0.000000000000000 0.000474206473336 0.000463011745314 0.000485278337064 0.000591717045460 0.000346187279391 0.000425191530088 0.000346327639379 0.000332246882092 0.000377336133443 0.000406858581336 0.000407536216458 0.000379800113578 0.000374425090618 0.000000000000000 0.000415051043453 0.000403369616423 0.000401383621983 0.000387552830833 0.000356022586642 0.000374007933931 0.000362749874845 0.000369801399527 0.000328617981922 0.000386965086094 0.000379206676592 0.000366234157844 0.000365745834115 
0.000000000000000 0.000396751674495 0.000373370837836 0.000391369785771 0.000342229803919 0.000353408721690 0.000455096948303 0.000485314999022 0.000395455659823 0.000329237069332 0.000468929180544 0.000401832732509 0.000386968118576 0.000367694647969 0.000000000000000 0.000467187306377 0.000445423508604 0.000456236344291 0.000625150443866 0.000324034708858 0.000462508802677 0.000358534287581 0.000357707552754 0.000388343808497 0.000407536216458 0.000431938544613 0.000400059392982 0.000384761693073 0.000000000000000 0.000405204300333 0.000393700845302 0.000392983743739 0.000377049384689 0.000342475368004 0.000382827147249 0.000373530582459 0.000380454694781 0.000341391965269 0.000392743316168 0.000387065627981 0.000372226401716 0.000376866144131 
0.000000000000000 0.000348183257284 0.000328037665005 0.000341298341956 0.000300374252120 0.000308457162701 0.000400740658259 0.000427995587726 0.000361087881188 0.000302068303903 0.000418714722192 0.000363564904779 0.000350656165632 0.000331924660383 0.000000000000000 0.000414980047261 0.000398808226367 0.000408358745446 0.000549017587750 0.000290556426227 0.000433437179732 0.000341367952282 0.000342142610644 0.000364065224612 0.000379800113578 0.000400059392982 0.000376840643102 0.000364747659153 0.000000000000000 0.000356751200251 0.000346906823068 0.000345509240479 0.000331924410981 0.000302084437702 0.000349989832490 0.000341108319352 0.000347203763252 0.000315919178397 0.000355890406038 0.000351765687263 0.000340467715146 0.000343766170737 
0.000000000000000 0.000319052796643 0.000295025762062 0.000308042044428 0.000277993334206 0.000270485080387 0.000377190777218 0.000379673172526 0.000337081920172 0.000285689591986 0.000380193447954 0.000339955942896 0.000328735354867 0.000311587111480 0.000000000000000 0.000386486131754 0.000379399588191 0.000383461616554 0.000478047016554 0.000281946769319 0.000417441267158 0.000346396081917 0.000341282154757 0.000355496547264 0.000374425090618 0.000384761693073 0.000364747659153 0.000364015255928 0.000000000000000 0.000324431763934 0.000315241191938 0.000311071881287 0.000299923931426 0.000273514089548 0.000333083709153 0.000322414250382 0.000328971348996 0.000303856120176 0.000333844878284 0.000332799845071 0.000324321156415 0.000322772259332 
0.000000000000000 0.000000000000000 0.000000000000000 0.000000000000000 0.000000000000000 0.000000000000000 0.000000000000000 0.000000000000000 0.000000000000000 0.000000000000000 0.000000000000000 0.000000000000000 0.000000000000000 0.000000000000000 0.000000000000000 0.000000000000000 0.000000000000000 0.000000000000000 0.000000000000000 0.000000000000000 0.000000000000000 0.000000000000000 0.000000000000000 0.000000000000000 0.000000000000000 0.000000000000000 0.000000000000000 0.000000000000000 0.000000000000000 0.000000000000000 0.000000000000000 0.000000000000000 0.000000000000000 0.000000000000000 0.000000000000000 0.000000000000000 0.000000000000000 0.000000000000000 0.000000000000000 0.000000000000000 0.000000000000000 0.000000000000000 
0.000000000000000 0.001492738011443 0.001390553108169 0.001372132535005 0.001272594062764 0.001301222593671 0.000798131354566 0.000830739685833 0.000627281782104 0.000572497940874 0.000788131761976 0.000651024323062 0.000629029868142 0.000628532620504 0.000000000000000 0.001204352040964 0.001106944363917 0.001133011462080 0.001279329045516 0.000857366868938 0.000355133344564 0.000248971030005 0.000201972374728 0.000342608468552 0.000415051043453 0.000405204300333 0.000356751200251 0.000324431763934 0.000000000000000 0.001302397602091 0.001303312895563 0.001259697798247 0.001192960563071 0.001207412907914 0.000512954862346 0.000498103101536 0.000514072609610 0.000401288870176 0.000575468483798 0.000542202646661 0.000514831052060 0.000521429828737 
0.000000000000000 0.001501842961782 0.001400715660467 0.001374943743135 0.001279754757567 0.001307050343474 0.000785515075392 0.000819501238052 0.000620631584705 0.000568078134453 0.000776948717439 0.000642256414966 0.000620509970070 0.000621461185898 0.000000000000000 0.001188002548755 0.001088253541933 0.001113359080859 0.001252305059354 0.000845912447759 0.000343560458823 0.000239442889137 0.000193025261486 0.000332933029619 0.000403369616423 0.000393700845302 0.000346906823068 0.000315241191938 0.000000000000000 0.001303312895563 0.001307482666978 0.001260303264387 0.001192035181287 0.001213878890974 0.000504387649446 0.000489843828693 0.000505953444853 0.000394271020603 0.000565761938126 0.000533138075377 0.000506435368133 0.000513174997588 
0.000000000000000 0.001440389596372 0.001347257630222 0.001333762014610 0.001235584991239 0.001259385784336 0.000791990347439 0.000836755849363 0.000630368612653 0.000576717706207 0.000791328699633 0.000650992672276 0.000627538848025 0.000628857292773 0.000000000000000 0.001172436401395 0.001070477334589 0.001117535858488 0.001266492033131 0.000849435026609 0.000343298815480 0.000231190378518 0.000186189857623 0.000333590430674 0.000401383621983 0.000392983743739 0.000345509240479 0.000311071881287 0.000000000000000 0.001259697798247 0.001260303264387 0.001228334846145 0.001166497264016 0.001169318656950 0.000507256642692 0.000493718089597 0.000509923732196 0.000395335640650 0.000570586357864 0.000537013714948 0.000509197323439 0.000517913923417 
0.000000000000000 0.001358301139887 0.001271848843982 0.001266347109288 0.001174122318158 0.001194019301531 0.000771188237502 0.000806376845517 0.000610174725764 0.000561524732093 0.000763961472224 0.000631227720338 0.000610384156713 0.000612530143249 0.000000000000000 0.001125604160297 0.001027480526305 0.001083695928127 0.001211038228231 0.000821601529431 0.000324553415767 0.000224642671059 0.000178024402387 0.000317984555642 0.000387552830833 0.000377049384689 0.000331924410981 0.000299923931426 0.000000000000000 0.001192960563071 0.001192035181287 0.001166497264016 0.001112780044268 0.001109447379149 0.000492659990684 0.000478699773315 0.000494546480045 0.000384065464206 0.000554457846307 0.000521542800728 0.000495582804215 0.000502498166190 
0.000000000000000 0.001397038789409 0.001306972949788 0.001282050783949 0.001201910099633 0.001228447666470 0.000723675825631 0.000749186591408 0.000569373982834 0.000530442211510 0.000711827214767 0.000590644677581 0.000572871771942 0.000577093310472 0.000000000000000 0.001084834619597 0.000990901492602 0.001021894698862 0.001121149304710 0.000781220414587 0.000287669945317 0.000204556398556 0.000157070177426 0.000287671899889 0.000356022586642 0.000342475368004 0.000302084437702 0.000273514089548 0.000000000000000 0.001207412907914 0.001213878890974 0.001169318656950 0.001109447379149 0.001139450519749 0.000459670012817 0.000446198456895 0.000461075505849 0.000358408409726 0.000518584138498 0.000486683582355 0.000463922675165 0.000468952362334 
0.000000000000000 0.000541110273958 0.000509856224554 0.000532801725100 0.000482253188255 0.000486367789460 0.000546089967681 0.000562834797622 0.000448096845609 0.000395309040759 0.000539497831287 0.000459747763853 0.000445894079113 0.000437394514939 0.000000000000000 0.000552902942362 0.000508391272519 0.000552737727856 0.000674941140694 0.000393713737495 0.000379113802521 0.000294071298171 0.000273704520714 0.000333420012687 0.000374007933931 0.000382827147249 0.000349989832490 0.000333083709153 0.000000000000000 0.000512954862346 0.000504387649446 0.000507256642692 0.000492659990684 0.000459670012817 0.000402578330458 0.000390677065942 0.000401262101381 0.000340281132205 0.000429425892504 0.000415094370779 0.000398754154896 0.000401428412273 
0.000000000000000 0.000523037656727 0.000495382633898 0.000515835688251 0.000465956110844 0.000472385517762 0.000527135705232 0.000552830662936 0.000436965829208 0.000384315728485 0.000526701983347 0.000447535039241 0.000432643264505 0.000424004127689 0.000000000000000 0.000530880129788 0.000487803753615 0.000527508121793 0.000663186866593 0.000382362345528 0.000371812617480 0.000283186540131 0.000267245288958 0.000328792825463 0.000362749874845 0.000373530582459 0.000341108319352 0.000322414250382 0.000000000000000 0.000498103101536 0.000489843828693 0.000493718089597 0.000478699773315 0.000446198456895 0.000390677065942 0.000381117318651 0.000390588866152 0.000331419889457 0.000417046776366 0.000403624554472 0.000386442730257 0.000391231144775 
0.000000000000000 0.000542596228369 0.000513087581741 0.000533778862368 0.000483543616805 0.000487331143713 0.000544358242484 0.000569385366104 0.000450792121452 0.000396814449557 0.000542754546556 0.000460735111500 0.000445893443787 0.000437637758506 0.000000000000000 0.000548430706387 0.000501174438624 0.000543855826586 0.000678029025883 0.000394880197812 0.000378492463146 0.000288295379541 0.000270038533954 0.000333044494351 0.000369801399527 0.000380454694781 0.000347203763252 0.000328971348996 0.000000000000000 0.000514072609610 0.000505953444853 0.000509923732196 0.000494546480045 0.000461075505849 0.000401262101381 0.000390588866152 0.000401235920237 0.000339219746787 0.000428615286991 0.000414755237725 0.000397396964139 0.000401676082369 
0.000000000000000 0.000413682970910 0.000391649779047 0.000407223067543 0.000370513266806 0.000373477724232 0.000432165314626 0.000447166221258 0.000365350630614 0.000321127790106 0.000429655354261 0.000372303620191 0.000362314011259 0.000353607784647 0.000000000000000 0.000439139921039 0.000407004456366 0.000431126563041 0.000536341073236 0.000320467801174 0.000348086151073 0.000278646256227 0.000266684816959 0.000302370485924 0.000328617981922 0.000341391965269 0.000315919178397 0.000303856120176 0.000000000000000 0.000401288870176 0.000394271020603 0.000395335640650 0.000384065464206 0.000358408409726 0.000340281132205 0.000331419889457 0.000339219746787 0.000298251629497 0.000356065324892 0.000347885463630 0.000335893192421 0.000338222539275 
0.000000000000000 0.000611824492856 0.000577459722413 0.000605253654072 0.000545654407308 0.000556311389058 0.000604754960983 0.000626659633045 0.000487400028723 0.000432781613810 0.000598606263562 0.000504004600415 0.000488591825700 0.000480244729909 0.000000000000000 0.000611125291093 0.000559326971899 0.000612630899491 0.000751093759405 0.000430181859444 0.000380590774303 0.000287619729223 0.000262206660391 0.000338559550693 0.000386965086094 0.000392743316168 0.000355890406038 0.000333844878284 0.000000000000000 0.000575468483798 0.000565761938126 0.000570586357864 0.000554457846307 0.000518584138498 0.000429425892504 0.000417046776366 0.000428615286991 0.000356065324892 0.000465959538434 0.000446491158549 0.000427587238344 0.000431187470915 
0.000000000000000 0.000572917334489 0.000541167947190 0.000564649883449 0.000510909972325 0.000517080547006 0.000574627639360 0.000594368214054 0.000468441637235 0.000411500499927 0.000566385948290 0.000481039160384 0.000465886905647 0.000457154326909 0.000000000000000 0.000576707134795 0.000528761404335 0.000569979419808 0.000710551860898 0.000407044970220 0.000380387744551 0.000289978115487 0.000268941101602 0.000337311587358 0.000379206676592 0.000387065627981 0.000351765687263 0.000332799845071 0.000000000000000 0.000542202646661 0.000533138075377 0.000537013714948 0.000521542800728 0.000486683582355 0.000415094370779 0.000403624554472 0.000414755237725 0.000347885463630 0.000446491158549 0.000431310877581 0.000412567280219 0.000416028194090 
0.000000000000000 0.000544817990047 0.000513498564992 0.000536832001758 0.000487709934171 0.000492162949092 0.000546823600273 0.000558455639785 0.000445168671990 0.000394863858101 0.000536143947389 0.000458174827571 0.000445480411529 0.000437635767983 0.000000000000000 0.000552664711272 0.000507840810987 0.000549950677468 0.000664973109190 0.000390275880844 0.000365660074778 0.000285986369297 0.000263115506780 0.000323015229443 0.000366234157844 0.000372226401716 0.000340467715146 0.000324321156415 0.000000000000000 0.000514831052060 0.000506435368133 0.000509197323439 0.000495582804215 0.000463922675165 0.000398754154896 0.000386442730257 0.000397396964139 0.000335893192421 0.000427587238344 0.000412567280219 0.000396973163279 0.000398307661266 
0.000000000000000 0.000550485200092 0.000522210102549 0.000542690740265 0.000490346998977 0.000498740595791 0.000546965641412 0.000577790965432 0.000454381819092 0.000400533527326 0.000549653928970 0.000464297594789 0.000449727043586 0.000441176532964 0.000000000000000 0.000553965269089 0.000503815337322 0.000549210642603 0.000689487917192 0.000396874660515 0.000373263371106 0.000280877241295 0.000262759019540 0.000328799421057 0.000365745834115 0.000376866144131 0.000343766170737 0.000322772259332 0.000000000000000 0.000521429828737 0.000513174997588 0.000517913923417 0.000502498166190 0.000468952362334 0.000401428412273 0.000391231144775 0.000401676082369 0.000338222539275 0.000431187470915 0.000416028194090 0.000398307661266 0.000403529640333 
