NaN NaN NaN NaN NaN NaN NaN NaN NaN NaN NaN NaN NaN NaN NaN NaN NaN NaN NaN NaN NaN NaN NaN NaN NaN NaN NaN NaN NaN NaN NaN NaN NaN NaN NaN NaN NaN NaN NaN NaN NaN NaN 
NaN 1.000000000000000 0.999499861436944 0.994319762969222 0.998667438122378 0.998817699082761 0.737257035476914 0.714082054160024 0.704821367335380 0.735166360463782 0.715806773852268 0.714327995438750 0.718254864315035 0.732631520891470 -0.121592195636827 0.906087069385727 0.890356401165214 0.840150901967100 0.826669810419470 0.876061971752875 0.350267203002088 0.298846392887998 0.215227653754543 0.422928128439107 0.503009706203126 0.459270969140043 0.430340832375705 0.397622305665748 NaN 0.993891297550338 0.996947789706520 0.990645530462086 0.985131914380962 0.999050357131705 0.651805365333382 0.648546661775731 0.654229322059130 0.587173187385961 0.686753683580857 0.668335602677901 0.665228165533138 0.663685138003287 
NaN 0.999499861436944 1.000000000000000 0.994279916182973 0.999242942809930 0.999596183188369 0.748007683480927 0.725964678026752 0.716100412655023 0.746595957124779 0.726806169632599 0.725233365760250 0.728760319804830 0.743788840690072 -0.138496036516752 0.899653416377770 0.882085315827009 0.833564972258482 0.823618896103107 0.868491592582589 0.352108129011926 0.297210892627412 0.213512701247823 0.425809014389963 0.505911632511346 0.462078149780522 0.432723955599981 0.399010567587926 NaN 0.992494447838889 0.996131044020372 0.990064020268647 0.984676643456736 0.999342607928015 0.660038544571270 0.657132477352027 0.663094758114741 0.594015242609873 0.696078326947432 0.677528673545211 0.674021172490093 0.672895272578298 
NaN 0.994319762969222 0.994279916182973 1.000000000000000 0.997531082794433 0.996479355988355 0.790169026796940 0.769890703964069 0.755827571243692 0.786676758231617 0.771508843666995 0.765552380437859 0.769660122924826 0.783737593049856 -0.046172635437806 0.934715550223010 0.915652801288159 0.884782301522758 0.873689500662730 0.911098500498960 0.376430353777347 0.315980517096155 0.226995070479655 0.452297087789823 0.539366765865102 0.493898450936237 0.461131061963433 0.423535957586749 NaN 0.995523065172351 0.995029971266595 0.998077899615523 0.996800016509508 0.994963639537815 0.696825275843520 0.693229647807626 0.699125376333594 0.624844775247112 0.735447642066653 0.714451384119906 0.710137175024794 0.709727234484657 
NaN 0.998667438122378 0.999242942809930 0.997531082794433 1.000000000000000 0.999903589053726 0.765338345767459 0.744366199831120 0.732150393808093 0.763318151116326 0.745090566148580 0.741480589824793 0.745117085279069 0.760263452920456 -0.107892676866762 0.910807926194367 0.891855060420587 0.850770620897999 0.840530166883890 0.882274141976063 0.356441995124641 0.298293942925630 0.212360990619106 0.431569052921250 0.514750864591829 0.470034346092748 0.439101549658724 0.403470238650092 NaN 0.993926049152832 0.996280958039530 0.993656544138742 0.989815191318444 0.998812416204890 0.673008337571681 0.669931662749398 0.676024841878094 0.603617403738669 0.710878145383702 0.691080344845042 0.687053297183838 0.686374220806467 
NaN 0.998817699082761 0.999596183188369 0.996479355988355 0.999903589053726 1.000000000000000 0.761358687796498 0.740372571790434 0.728458755965660 0.759670862368769 0.740856048412196 0.737675959893563 0.741187819771436 0.756574455891860 -0.120667481587861 0.905329968213979 0.886247500143543 0.843464446496681 0.833722871755433 0.875807878936304 0.352849568385428 0.294844627827029 0.209516824801358 0.427886083730781 0.510301758765425 0.465744650255108 0.435130305221415 0.399792102139492 NaN 0.992921163809459 0.995846278613617 0.992207874170986 0.987911837823184 0.998947436961031 0.669070766288017 0.666122980193067 0.672272623160928 0.600081769828228 0.706869309699269 0.687295900090282 0.683289456366260 0.682598173223119 
NaN 0.737257035476914 0.748007683480927 0.790169026796940 0.765338345767459 0.761358687796498 1.000000000000000 0.998575240831829 0.995673622317318 0.999618596843620 0.999444772015623 0.997060670693831 0.997208717900057 0.999389897678815 0.020145841886284 0.818032272225494 0.789792470494037 0.826300082409638 0.899613653825549 0.803413470858186 0.676714789418591 0.574800923370000 0.494161901262614 0.743576958748186 0.816017152695069 0.783888808822460 0.749163964704223 0.701984396222989 NaN 0.781993328317838 0.770031510939679 0.807556505182791 0.823113023312914 0.761180643236895 0.954907206981453 0.954583999428355 0.958885043021373 0.895243407372667 0.981444110894601 0.968916303490371 0.962905004184562 0.967073010782638 
NaN 0.714082054160024 0.725964678026752 0.769890703964069 0.744366199831120 0.740372571790435 0.998575240831829 1.000000000000000 0.993074326404053 0.998514552233662 0.999249818560451 0.994210595906160 0.993910008980179 0.997482515078949 0.027833984144760 0.793984116497454 0.762213914697268 0.807949066930816 0.882329774272953 0.781068594878481 0.654357712679486 0.547243021079709 0.466461527334918 0.722464814509124 0.796419610128402 0.763930681325249 0.727856172587437 0.678574956848893 NaN 0.757602269759893 0.745690587642556 0.785772580166472 0.802530168093234 0.738336991010778 0.944572643842275 0.944565315339285 0.949367373903214 0.880360581862790 0.974460826698891 0.960453685694431 0.953393651001514 0.958555614783060 
NaN 0.704821367335380 0.716100412655023 0.755827571243692 0.732150393808093 0.728458755965660 0.995673622317318 0.993074326404053 1.000000000000000 0.996533758551469 0.995578172217498 0.999806325025130 0.999508287282082 0.997983997569689 -0.026041078346144 0.790597072423380 0.766869629195747 0.793593897457683 0.880283507999861 0.771816223528750 0.735037345253633 0.637667788600106 0.563496398107564 0.795760578895763 0.858006359261411 0.830522119862003 0.799868053157206 0.756878459240366 NaN 0.754128331449125 0.742352832664770 0.777312096693667 0.791923983121548 0.731715312045553 0.975707109776556 0.975940549750922 0.979189139276745 0.929086632425841 0.993420483180007 0.986078480144770 0.981733120182867 0.984947512733066 
NaN 0.735166360463782 0.746595957124779 0.786676758231617 0.763318151116326 0.759670862368769 0.999618596843620 0.998514552233662 0.996533758551469 1.000000000000000 0.998884885779622 0.997515052099048 0.997323072804032 0.999750674341438 -0.005533257877525 0.807284894500331 0.778526540527535 0.812855053103639 0.889247725320799 0.790686464288126 0.678186370194290 0.575410468584143 0.495938428901696 0.744891265949828 0.815642481134959 0.784021014830343 0.749822926228670 0.702921988091650 NaN 0.778551832054080 0.767511814791547 0.803714330879051 0.818701358098313 0.759628597663385 0.955593695283217 0.955606339997798 0.960001719551331 0.896889080220183 0.981773615804421 0.969874615125793 0.963864567464910 0.968103766917804 
NaN 0.715806773852268 0.726806169632599 0.771508843666995 0.745090566148580 0.740856048412195 0.999444772015623 0.999249818560451 0.995578172217498 0.998884885779623 1.000000000000000 0.996749365392382 0.996806243298144 0.998621181645975 0.037078030123660 0.805904096373884 0.777083222810932 0.819054829276289 0.893949471776675 0.793131266635003 0.677870944572712 0.574528741278471 0.494390044809010 0.744055157866257 0.816341797384950 0.784755399793385 0.749738067464268 0.702030249285866 NaN 0.762396255308791 0.749612178204176 0.789422220909438 0.806072904597826 0.740293533088777 0.954489627173859 0.954205312983258 0.958452872034369 0.894510986141508 0.981120169535742 0.968457546150614 0.962217913268288 0.966706663415155 
NaN 0.714327995438750 0.725233365760250 0.765552380437858 0.741480589824793 0.737675959893563 0.997060670693831 0.994210595906160 0.999806325025130 0.997515052099048 0.996749365392382 1.000000000000000 0.999906350392453 0.998788102021826 -0.014166884965678 0.801035235719960 0.777099084314023 0.804679675732734 0.888335818502304 0.783115154176703 0.727949143514012 0.630634474939517 0.555106175279149 0.789622365166254 0.853780205623579 0.825429842651346 0.794141120090551 0.750642709680242 NaN 0.763282060593757 0.751287075722516 0.786605439245872 0.801330084010305 0.740565762952484 0.973735033647225 0.973763917642921 0.977109927223114 0.925269727922129 0.992597791036525 0.984433805124721 0.979941102577315 0.983172054553470 
NaN 0.718254864315035 0.728760319804830 0.769660122924826 0.745117085279069 0.741187819771436 0.997208717900057 0.993910008980179 0.999508287282082 0.997323072804032 0.996806243298144 0.999906350392453 1.000000000000000 0.998676447239285 -0.004914216150723 0.808174669135712 0.784799659220691 0.812198504856274 0.894365271217835 0.790845069934486 0.729092792078633 0.632687083643509 0.556665138024439 0.790749806742505 0.855485189620613 0.826928337373132 0.795555978198875 0.752158662326132 NaN 0.767777069683276 0.755435085476489 0.790960201524537 0.805759365406937 0.744202242594288 0.974205513184988 0.974063225077147 0.977328128704796 0.925756948268712 0.992918700044735 0.984627065592517 0.980238133535888 0.983334820322678 
NaN 0.732631520891470 0.743788840690072 0.783737593049856 0.760263452920456 0.756574455891860 0.999389897678815 0.997482515078949 0.997983997569689 0.999750674341438 0.998621181645975 0.998788102021826 0.998676447239285 1.000000000000000 -0.008679282461717 0.808752776840572 0.781684982427905 0.813140478321328 0.891341172706871 0.791601102809801 0.694205090769420 0.593468639009763 0.515032166115649 0.759449114596928 0.828298712938279 0.797575687992155 0.764297771992745 0.718534342442561 NaN 0.777650322450153 0.766346579068996 0.802022717490386 0.816802269887115 0.757529387805629 0.961890210018725 0.961868656689352 0.965927605731101 0.906419056020705 0.985742273948722 0.975003280891780 0.969518229266537 0.973372988177811 
NaN -0.121592195636827 -0.138496036516752 -0.046172635437806 -0.107892676866762 -0.120667481587861 0.020145841886284 0.027833984144760 -0.026041078346144 -0.005533257877525 0.037078030123660 -0.014166884965678 -0.004914216150723 -0.008679282461717 1.000000000000000 0.217477948937362 0.216006282272622 0.359442061568410 0.266578210513513 0.301910747371671 -0.137307166173540 -0.139703646758603 -0.179615238149932 -0.128213214814610 -0.062512159928661 -0.079674462627050 -0.105965131147946 -0.128439507704743 NaN -0.071287566009164 -0.106857034248445 -0.038309320330769 -0.007832355347211 -0.135669630625626 -0.057747101237144 -0.067710211487197 -0.068840503981982 -0.114166427816563 -0.029165106259881 -0.058487661924807 -0.064502704096203 -0.060842133449085 
NaN 0.906087069385727 0.899653416377770 0.934715550223010 0.910807926194367 0.905329968213980 0.818032272225494 0.793984116497454 0.790597072423380 0.807284894500331 0.805904096373884 0.801035235719960 0.808174669135712 0.808752776840572 0.217477948937362 1.000000000000000 0.996456991966287 0.985521185605364 0.975315378211516 0.996112653371580 0.531968614633245 0.486616127908217 0.397389786299777 0.594841536267316 0.680165403919417 0.640233340775454 0.608891710520564 0.575145549562789 NaN 0.943070095265602 0.928400216789791 0.949758917313922 0.957055048538533 0.909666751301382 0.773159270072072 0.766714572193541 0.768730899246396 0.718740379756962 0.795298767236616 0.778447195955559 0.777483406790890 0.774775828053425 
NaN 0.890356401165214 0.882085315827010 0.915652801288159 0.891855060420587 0.886247500143544 0.789792470494037 0.762213914697268 0.766869629195747 0.778526540527535 0.777083222810932 0.777099084314023 0.784799659220691 0.781684982427905 0.216006282272622 0.996456991966287 1.000000000000000 0.977122299557306 0.967711546925234 0.991584324518399 0.564254301132472 0.529928631760232 0.445260456670930 0.620906148133815 0.699228483969672 0.662500395094113 0.634952607649989 0.606380725771669 NaN 0.931457062799209 0.916027466811784 0.934302379658459 0.940290292164492 0.894000626957240 0.766914232819013 0.760097772539857 0.760840622070097 0.724337675145838 0.780817599941606 0.767768608623142 0.768835304984780 0.764509964449010 
NaN 0.840150901967100 0.833564972258482 0.884782301522758 0.850770620898000 0.843464446496681 0.826300082409638 0.807949066930816 0.793593897457683 0.812855053103639 0.819054829276289 0.804679675732734 0.812198504856274 0.813140478321328 0.359442061568410 0.985521185605364 0.977122299557306 1.000000000000000 0.984382924690920 0.995228223201952 0.503258567018226 0.449239247580824 0.355838097935338 0.567723226044065 0.661809013146107 0.620367156348903 0.584135786361501 0.544654694359766 NaN 0.884781326157841 0.864908769558942 0.900219958356194 0.913906526915989 0.843737901956978 0.764319400012853 0.757199296308520 0.759534100285113 0.698444235267419 0.793147809773357 0.771417424631985 0.768348692106115 0.767586325761220 
NaN 0.826669810419470 0.823618896103107 0.873689500662730 0.840530166883890 0.833722871755433 0.899613653825549 0.882329774272953 0.880283507999861 0.889247725320799 0.893949471776675 0.888335818502304 0.894365271217835 0.891341172706871 0.266578210513513 0.975315378211516 0.967711546925234 0.984382924690920 1.000000000000000 0.976633537201051 0.629710361183062 0.568573941055857 0.479801174380901 0.691132836426730 0.774816681499185 0.738176644569113 0.704766741512591 0.666289303356040 NaN 0.879290349040426 0.859863144245380 0.895069263184479 0.909000094826524 0.837732575147645 0.865769060368407 0.860167694477785 0.861802881592706 0.812085268599598 0.885817240490387 0.870443410724214 0.868490632622177 0.867595189686810 
NaN 0.876061971752876 0.868491592582589 0.911098500498960 0.882274141976063 0.875807878936304 0.803413470858186 0.781068594878481 0.771816223528750 0.790686464288127 0.793131266635003 0.783115154176703 0.790845069934486 0.791601102809801 0.301910747371671 0.996112653371581 0.991584324518399 0.995228223201952 0.976633537201051 1.000000000000000 0.501716127596520 0.455847997842219 0.364559875828350 0.564751604952112 0.654889788823096 0.613916773669659 0.580465254558999 0.544840480736454 NaN 0.915998524365331 0.898624858127106 0.925948088868082 0.935937083287950 0.878228581959737 0.749542451395588 0.742402779787452 0.744445640664223 0.689744188235908 0.774855613298263 0.755246281751945 0.753495261892846 0.751389595846119 
NaN 0.350267203002088 0.352108129011926 0.376430353777347 0.356441995124641 0.352849568385428 0.676714789418591 0.654357712679486 0.735037345253633 0.678186370194290 0.677870944572712 0.727949143514012 0.729092792078633 0.694205090769420 -0.137307166173540 0.531968614633245 0.564254301132472 0.503258567018226 0.629710361183062 0.501716127596520 1.000000000000000 0.989184540891528 0.973774663971332 0.995353454096188 0.975743517076757 0.986750431402156 0.994224629792871 0.998591328641811 NaN 0.435019141553876 0.419211221046355 0.429562948770640 0.434571363051337 0.384804548918796 0.864383981023586 0.864458318290894 0.856578063584325 0.932227792276190 0.805143674768151 0.836620169517930 0.849025163811209 0.840526726022288 
NaN 0.298846392887998 0.297210892627412 0.315980517096155 0.298293942925631 0.294844627827029 0.574800923370000 0.547243021079709 0.637667788600106 0.575410468584143 0.574528741278471 0.630634474939517 0.632687083643509 0.593468639009763 -0.139703646758603 0.486616127908217 0.529928631760232 0.449239247580824 0.568573941055857 0.455847997842219 0.989184540891528 1.000000000000000 0.994494778321705 0.973220784942818 0.941420200425430 0.957706624054782 0.971985882140601 0.985967360320763 NaN 0.384598422328597 0.368873604868833 0.371913984926498 0.373751298782776 0.331052758488244 0.790716940170440 0.790160665485231 0.780477457696099 0.876322708085887 0.720090118614905 0.756659121492367 0.772045709666174 0.761064485579233 
NaN 0.215227653754543 0.213512701247823 0.226995070479655 0.212360990619106 0.209516824801358 0.494161901262614 0.466461527334917 0.563496398107564 0.495938428901696 0.494390044809010 0.555106175279150 0.556665138024439 0.515032166115649 -0.179615238149932 0.397389786299777 0.445260456670930 0.355838097935338 0.479801174380901 0.364559875828350 0.973774663971332 0.994494778321705 1.000000000000000 0.948577219930426 0.903900927111236 0.925957609405559 0.945662376903875 0.965917994323239 NaN 0.300049585490186 0.285668332861351 0.284048746498362 0.284051936691494 0.247841369857911 0.729717421080504 0.729721744098215 0.719092450878614 0.828458159688868 0.651407408434985 0.692461578289689 0.709289445511382 0.697511940916184 
NaN 0.422928128439107 0.425809014389963 0.452297087789823 0.431569052921250 0.427886083730781 0.743576958748186 0.722464814509123 0.795760578895763 0.744891265949829 0.744055157866257 0.789622365166254 0.790749806742505 0.759449114596928 -0.128213214814610 0.594841536267316 0.620906148133815 0.567723226044065 0.691132836426730 0.564751604952112 0.995353454096188 0.973220784942818 0.948577219930426 1.000000000000000 0.991623463498461 0.997237526002516 0.999692916318929 0.997858693513644 NaN 0.504970911009481 0.489376210832997 0.502626515505599 0.508705076498992 0.457095080973259 0.908355685781927 0.908338242389244 0.901738402395781 0.962507939935857 0.857851280478929 0.884892981054378 0.895513196680371 0.888161976382804 
NaN 0.503009706203126 0.505911632511346 0.539366765865102 0.514750864591829 0.510301758765425 0.816017152695069 0.796419610128402 0.858006359261411 0.815642481134959 0.816341797384950 0.853780205623579 0.855485189620613 0.828298712938279 -0.062512159928661 0.680165403919417 0.699228483969672 0.661809013146107 0.774816681499185 0.654889788823096 0.975743517076757 0.941420200425430 0.903900927111236 0.991623463498462 1.000000000000000 0.998263692973082 0.993567825891066 0.983602448756565 NaN 0.583923060063390 0.566790953005410 0.586546715930755 0.595240969960483 0.535491590917484 0.949335196638130 0.948589265704399 0.943416026970741 0.984466857810152 0.910642286369770 0.930805908548895 0.939080943029035 0.933160605714566 
NaN 0.459270969140043 0.462078149780522 0.493898450936237 0.470034346092748 0.465744650255108 0.783888808822460 0.763930681325248 0.830522119862003 0.784021014830343 0.784755399793385 0.825429842651346 0.826928337373132 0.797575687992155 -0.079674462627051 0.640233340775453 0.662500395094113 0.620367156348903 0.738176644569113 0.613916773669659 0.986750431402156 0.957706624054782 0.925957609405559 0.997237526002516 0.998263692973082 1.000000000000000 0.998356591079435 0.991866033894322 NaN 0.541935044780312 0.524919640283405 0.542924460991497 0.550993007885513 0.492663664088048 0.931812709820431 0.931326400121263 0.925435700126071 0.975450883222031 0.887701249086685 0.910870493284416 0.920161884155806 0.913669013213335 
NaN 0.430340832375706 0.432723955599982 0.461131061963433 0.439101549658724 0.435130305221415 0.749163964704223 0.727856172587437 0.799868053157206 0.749822926228670 0.749738067464268 0.794141120090552 0.795555978198875 0.764297771992745 -0.105965131147946 0.608891710520564 0.634952607649990 0.584135786361501 0.704766741512591 0.580465254558999 0.994224629792871 0.971985882140601 0.945662376903875 0.999692916318929 0.993567825891066 0.998356591079435 1.000000000000000 0.997475946275049 NaN 0.513356207238636 0.496994197866477 0.511571241055683 0.518207669587821 0.464038052155837 0.911432516267188 0.911124022121777 0.904535705234069 0.963793564000915 0.861848362392074 0.888045358469019 0.898539368991325 0.891207267015367 
NaN 0.397622305665748 0.399010567587926 0.423535957586749 0.403470238650092 0.399792102139492 0.701984396222989 0.678574956848892 0.756878459240366 0.702921988091650 0.702030249285866 0.750642709680242 0.752158662326131 0.718534342442561 -0.128439507704743 0.575145549562789 0.606380725771669 0.544654694359766 0.666289303356040 0.544840480736454 0.998591328641811 0.985967360320763 0.965917994323239 0.997858693513643 0.983602448756564 0.991866033894322 0.997475946275049 1.000000000000000 NaN 0.481090239519777 0.465295420257010 0.475656807962538 0.480507551110230 0.431135990708397 0.881301842950467 0.881022490046631 0.873527231264454 0.944135886332436 0.825100539257085 0.854737423227311 0.866778396240305 0.858289088230111 
NaN NaN NaN NaN NaN NaN NaN NaN NaN NaN NaN NaN NaN NaN NaN NaN NaN NaN NaN NaN NaN NaN NaN NaN NaN NaN NaN NaN NaN NaN NaN NaN NaN NaN NaN NaN NaN NaN NaN NaN NaN NaN 
NaN 0.993891297550338 0.992494447838889 0.995523065172351 0.993926049152832 0.992921163809460 0.781993328317838 0.757602269759893 0.754128331449125 0.778551832054080 0.762396255308791 0.763282060593757 0.767777069683276 0.777650322450153 -0.071287566009164 0.943070095265602 0.931457062799209 0.884781326157841 0.879290349040426 0.915998524365331 0.435019141553876 0.384598422328597 0.300049585490186 0.504970911009481 0.583923060063390 0.541935044780312 0.513356207238636 0.481090239519777 NaN 1.000000000000000 0.999129977255777 0.998118831794549 0.995095724396151 0.995705155852676 0.715211545387759 0.711453610861511 0.715998613270651 0.656956127748113 0.744175342977247 0.728051740188370 0.726064912936959 0.723842193087412 
NaN 0.996947789706520 0.996131044020371 0.995029971266595 0.996280958039531 0.995846278613618 0.770031510939679 0.745690587642556 0.742352832664770 0.767511814791547 0.749612178204176 0.751287075722516 0.755435085476489 0.766346579068996 -0.106857034248445 0.928400216789791 0.916027466811784 0.864908769558942 0.859863144245380 0.898624858127106 0.419211221046355 0.368873604868833 0.285668332861351 0.489376210832997 0.566790953005410 0.524919640283405 0.496994197866477 0.465295420257010 NaN 0.999129977255777 1.000000000000000 0.996072464311343 0.991724986713306 0.998472209452172 0.701353388369077 0.697946693211451 0.702750009863142 0.643285431936751 0.730808424248564 0.714957047361175 0.712899847106824 0.710715794641925 
NaN 0.990645530462086 0.990064020268647 0.998077899615523 0.993656544138742 0.992207874170986 0.807556505182791 0.785772580166472 0.777312096693667 0.803714330879051 0.789422220909438 0.786605439245872 0.790960201524537 0.802022717490386 -0.038309320330769 0.949758917313922 0.934302379658459 0.900219958356193 0.895069263184479 0.925948088868082 0.429562948770640 0.371913984926498 0.284048746498362 0.502626515505599 0.586546715930755 0.542924460991497 0.511571241055683 0.475656807962538 NaN 0.998118831794549 0.996072464311343 1.000000000000000 0.999196029032548 0.992982364833122 0.729737060389313 0.725982058492518 0.731050375553129 0.664460747207648 0.763079062314382 0.744563945932690 0.741352714313379 0.740192145836608 
NaN 0.985131914380962 0.984676643456736 0.996800016509508 0.989815191318444 0.987911837823184 0.823113023312914 0.802530168093234 0.791923983121548 0.818701358098313 0.806072904597826 0.801330084010305 0.805759365406937 0.816802269887114 -0.007832355347211 0.957055048538533 0.940290292164492 0.913906526915989 0.909000094826524 0.935937083287949 0.434571363051337 0.373751298782776 0.284051936691494 0.508705076498992 0.595240969960483 0.550993007885513 0.518207669587821 0.480507551110230 NaN 0.995095724396151 0.991724986713306 0.999196029032548 1.000000000000000 0.987898936302932 0.741726678731612 0.737832874874824 0.742994171374239 0.673519886258626 0.776620707337014 0.757021111851497 0.753316735134804 0.752612119067786 
NaN 0.999050357131705 0.999342607928014 0.994963639537815 0.998812416204890 0.998947436961031 0.761180643236895 0.738336991010778 0.731715312045553 0.759628597663385 0.740293533088777 0.740565762952484 0.744202242594288 0.757529387805628 -0.135669630625626 0.909666751301382 0.894000626957240 0.843737901956978 0.837732575147645 0.878228581959737 0.384804548918796 0.331052758488244 0.247841369857911 0.457095080973259 0.535491590917484 0.492663664088048 0.464038052155837 0.431135990708398 NaN 0.995705155852676 0.998472209452172 0.992982364833122 0.987898936302932 1.000000000000000 0.682011107543465 0.679043066752632 0.684554307395340 0.619687180906267 0.715099404452255 0.697973446869494 0.695068653923806 0.693543748073822 
NaN 0.651805365333382 0.660038544571270 0.696825275843520 0.673008337571681 0.669070766288017 0.954907206981454 0.944572643842275 0.975707109776556 0.955593695283217 0.954489627173859 0.973735033647225 0.974205513184988 0.961890210018725 -0.057747101237144 0.773159270072072 0.766914232819013 0.764319400012853 0.865769060368407 0.749542451395587 0.864383981023586 0.790716940170441 0.729717421080504 0.908355685781926 0.949335196638130 0.931812709820431 0.911432516267188 0.881301842950467 NaN 0.715211545387759 0.701353388369077 0.729737060389313 0.741726678731612 0.682011107543465 1.000000000000000 0.999919170211227 0.999739548305479 0.987063878298883 0.994101033146707 0.998505541915248 0.999485464132583 0.998810235569201 
NaN 0.648546661775731 0.657132477352027 0.693229647807626 0.669931662749398 0.666122980193067 0.954583999428355 0.944565315339285 0.975940549750922 0.955606339997798 0.954205312983259 0.973763917642921 0.974063225077147 0.961868656689352 -0.067710211487197 0.766714572193541 0.760097772539857 0.757199296308520 0.860167694477785 0.742402779787452 0.864458318290894 0.790160665485231 0.729721744098215 0.908338242389244 0.948589265704399 0.931326400121263 0.911124022121776 0.881022490046631 NaN 0.711453610861511 0.697946693211451 0.725982058492518 0.737832874874825 0.679043066752632 0.999919170211227 1.000000000000000 0.999872054881779 0.987264947537005 0.993959337947301 0.998593990245278 0.999528387058226 0.998936639007088 
NaN 0.654229322059130 0.663094758114741 0.699125376333594 0.676024841878094 0.672272623160928 0.958885043021373 0.949367373903214 0.979189139276745 0.960001719551331 0.958452872034369 0.977109927223115 0.977328128704796 0.965927605731101 -0.068840503981982 0.768730899246396 0.760840622070097 0.759534100285113 0.861802881592706 0.744445640664223 0.856578063584325 0.780477457696099 0.719092450878614 0.901738402395781 0.943416026970741 0.925435700126071 0.904535705234069 0.873527231264454 NaN 0.715998613270651 0.702750009863141 0.731050375553129 0.742994171374239 0.684554307395340 0.999739548305479 0.999872054881779 1.000000000000000 0.984770880353946 0.995416475042816 0.999285996564146 0.999854352083270 0.999528577642879 
NaN 0.587173187385961 0.594015242609873 0.624844775247112 0.603617403738669 0.600081769828228 0.895243407372668 0.880360581862790 0.929086632425841 0.896889080220183 0.894510986141508 0.925269727922129 0.925756948268712 0.906419056020705 -0.114166427816563 0.718740379756962 0.724337675145838 0.698444235267419 0.812085268599598 0.689744188235908 0.932227792276190 0.876322708085887 0.828458159688867 0.962507939935857 0.984466857810152 0.975450883222031 0.963793564000915 0.944135886332436 NaN 0.656956127748113 0.643285431936751 0.664460747207648 0.673519886258626 0.619687180906267 0.987063878298883 0.987264947537005 0.984770880353946 1.000000000000000 0.963945532055661 0.977526419434366 0.982251967640598 0.978969821602253 
NaN 0.686753683580857 0.696078326947432 0.735447642066653 0.710878145383702 0.706869309699269 0.981444110894601 0.974460826698891 0.993420483180007 0.981773615804421 0.981120169535742 0.992597791036526 0.992918700044735 0.985742273948722 -0.029165106259881 0.795298767236616 0.780817599941606 0.793147809773357 0.885817240490387 0.774855613298263 0.805143674768151 0.720090118614905 0.651407408434985 0.857851280478929 0.910642286369770 0.887701249086685 0.861848362392073 0.825100539257085 NaN 0.744175342977247 0.730808424248564 0.763079062314382 0.776620707337014 0.715099404452255 0.994101033146707 0.993959337947300 0.995416475042816 0.963945532055661 1.000000000000000 0.998277730765825 0.996676307286925 0.997817847205759 
NaN 0.668335602677902 0.677528673545211 0.714451384119906 0.691080344845042 0.687295900090282 0.968916303490371 0.960453685694430 0.986078480144770 0.969874615125793 0.968457546150614 0.984433805124721 0.984627065592516 0.975003280891780 -0.058487661924807 0.778447195955559 0.767768608623142 0.771417424631985 0.870443410724214 0.755246281751945 0.836620169517930 0.756659121492367 0.692461578289689 0.884892981054378 0.930805908548895 0.910870493284416 0.888045358469019 0.854737423227311 NaN 0.728051740188370 0.714957047361175 0.744563945932690 0.757021111851497 0.697973446869494 0.998505541915248 0.998593990245278 0.999285996564146 0.977526419434366 0.998277730765825 1.000000000000000 0.999689775432811 0.999967944385748 
NaN 0.665228165533138 0.674021172490093 0.710137175024794 0.687053297183838 0.683289456366260 0.962905004184562 0.953393651001514 0.981733120182867 0.963864567464910 0.962217913268288 0.979941102577315 0.980238133535888 0.969518229266537 -0.064502704096203 0.777483406790890 0.768835304984780 0.768348692106115 0.868490632622177 0.753495261892845 0.849025163811210 0.772045709666174 0.709289445511382 0.895513196680371 0.939080943029035 0.920161884155806 0.898539368991325 0.866778396240305 NaN 0.726064912936959 0.712899847106824 0.741352714313379 0.753316735134804 0.695068653923806 0.999485464132583 0.999528387058226 0.999854352083270 0.982251967640598 0.996676307286925 0.999689775432811 1.000000000000000 0.999796753221605 
NaN 0.663685138003287 0.672895272578298 0.709727234484657 0.686374220806467 0.682598173223120 0.967073010782638 0.958555614783060 0.984947512733066 0.968103766917804 0.966706663415155 0.983172054553470 0.983334820322678 0.973372988177811 -0.060842133449085 0.774775828053425 0.764509964449010 0.767586325761220 0.867595189686810 0.751389595846119 0.840526726022288 0.761064485579233 0.697511940916184 0.888161976382804 0.933160605714566 0.913669013213335 0.891207267015367 0.858289088230111 NaN 0.723842193087412 0.710715794641925 0.740192145836609 0.752612119067785 0.693543748073822 0.998810235569201 0.998936639007088 0.999528577642879 0.978969821602253 0.997817847205759 0.999967944385748 0.999796753221606 1.000000000000000 
