0.000000000000000
0.000000000000000
0.000000000000000
0.000000000000000
0.000000000000000
0.000000000000000
0.000000000000000
0.000000000000000
0.000000000000000
0.000000000000000
0.000000000000000
0.000000000000000
0.000000000000000
0.000000000000000
0.000000000000000
0.000000000000000
0.000000000000000
0.000000000000000
0.000000000000000
0.000000000000000
0.000000000000000
0.000000000000000
0.000000000000000
0.000000000000000
0.000000000000000
0.000000000000000
0.000000000000000
0.000000000000000
0.000000000000000
0.001404287070227
0.000862956990306
0.000576150471247
0.000449605253874
0.000733321567858
0.001803187146926
0.001871474379451
0.002174401644188
0.000787718735364
0.003206019795386
0.003421785688514
0.003924646032559
0.004193644295329
