0.000000251401490
0.000000011465026
0.000000877645149
0.000000753504552
0.000001480022602
0.000001284626850
0.000003681550467
0.000001146124818
0.000002321711009
0.000002209643696
0.000000759341609
0.000000371214835
0.000000716010794
0.000000470443448
0.000003321641324
0.000000690510916
0.000000009359450
0.000005264184280
0.000000001041411
0.000002289172305
0.000000460782841
0.000000306747285
0.000001582756431
0.000002365839122
0.000001758886574
0.000000349839824
0.000000544691403
0.000002789024821
0.000000766829586
0.000003494617653
0.000001034776238
0.000000722069123
0.000002252348525
0.000002405722604
0.000001265348511
0.000000484060033
0.000002663700498
0.000001623010242
0.000003248998601
0.000000521161663
0.000001041880617
0.000001475804399
0.000000581012967
0.000008469219359
0.000002706690634
0.000002932228148
0.000001147128200
0.000000384810349
0.000003495858903
0.000000090298787
0.000000045444169
0.000005882984302
0.000000298644725
0.000001699003005
0.000001318821847
0.000001272132908
0.000001083154439
0.000002002496487
0.000000360136734
0.000000162666108
0.000000191081178
0.000000238250100
0.000001734494804
0.000001401091046
0.000001705355832
0.000000636182929
0.000000645510379
0.000000401705501
0.000000342968007
0.000000589605937
0.000000832796053
0.000000129002823
0.000000549010970
0.000000283666900
0.000000399865897
0.000000218607216
0.000000226731683
0.000000756722565
0.000001450600200
0.000000710482979
0.000000494813712
0.000000348301770
0.000000588152762
0.000002032621072
0.000000955331416
0.000000587710502
0.000000145873019
0.000000301587238
0.000001599401882
0.000005976336372
0.000000105948612
0.000000106351471
0.000000137532508
0.000000153544493
0.000000326748723
0.000000587822731
0.000000579684061
0.000000835557155
0.000000293076798
0.000000300919075
0.000000357370438
0.000000164939607
0.000000310530922
0.000000828780413
0.000000449721038
0.000000141110089
0.000000137310428
0.000000192426178
0.000000222875182
0.000000346221515
0.000000179329560
0.000000162410447
0.000000170731321
0.000000154244891
0.000000145558498
0.000000673188243
0.000000329852804
0.000000379805991
0.000000317199732
0.000000433708127
0.000000104939496
0.000000116375439
0.000000251510570
0.000000317614380
0.000000481080706
0.000000194444736
0.000000352966935
0.000000133017933
0.000000132065335
0.000000296580399
0.000000175407781
0.000000130732294
0.000000177248477
0.000000145540399
0.000000149069087
