0.000000000000000
0.000001114158218
0.000226937138536
0.000001577541866
0.000001486207450
0.000001773545053
0.000000387170907
0.000000504429488
0.000005416721959
0.000001635495864
0.000001510114312
0.000001321222325
0.000001854326033
0.000001185236227
0.000000000000000
0.000008734151869
0.000995471806233
0.000033755187249
0.002525621937588
0.000005589475277
0.000030988504705
0.000006265815419
0.000001191672467
0.000001461739180
0.000001620710379
0.000001339025878
0.000159325350421
0.000001022678288
0.000000000000000
0.000003568305797
0.000002358439350
0.000004058156932
0.000006357627924
0.000002993150372
0.000002199969568
0.000003120755179
0.000002689472154
0.000001248047441
0.000002881373069
0.000002983159437
0.000001021398268
0.000005302040413
0.000000000000000
0.000004311817940
0.000003740254369
0.000022587724943
0.000019079417505
0.000118853602399
0.000008025326571
0.000049939930279
0.000001081689480
0.000023558556350
0.000001310681281
0.000001776198570
0.000002397405466
0.000030140946992
0.000000000000000
0.000000485235675
0.000000458421897
0.000004153235211
0.000001205730632
0.000001343255506
0.000000226761495
0.000000357369256
0.000000252720579
0.000002619528773
0.000000206118432
0.000000601825539
0.000000346351367
0.000000496715085
0.000000000000000
0.000000474825561
0.000000716832984
0.000000873033023
0.000001200214378
0.000008538237876
0.000000336861679
0.000000483433881
0.000001012294621
0.000000899013356
0.000000562695573
0.000001402661572
0.000000749636001
0.000000521732140
0.000000000000000
0.000000248979957
0.000000246500299
0.000000249412563
0.000000275131145
0.000000406493772
0.000000158852340
0.000000153898303
0.000000121862007
0.000000122239647
0.000000232140926
0.000000178255872
0.000000211674538
0.000000172942747
