0.050330747659657
0.000000000000000
-0.000014796676198
-0.000292446111107
0.000418995922958
0.000683585005520
0.000420103408315
0.000234895895923
0.000931263051049
-0.000198627713122
0.000114746875812
0.000543623782539
0.002274434671924
0.001262406528636
0.000744793969587
0.000000000000000
-0.000730048325524
0.063604627773639
0.000226900330588
0.997704600258970
0.002764716269564
0.009410916234826
0.000926791209369
0.002025229983358
0.000111151463588
0.000722124410236
0.001423152915852
0.008194545919225
0.000655928738784
0.000000000000000
-0.000096726526307
-0.000026849482582
-0.000679034923286
-0.001382243718509
0.000977623427721
-0.002613197739653
0.000505536309552
0.000220060516060
0.000937147843676
-0.000079236184871
0.002849131044253
0.000106962676603
0.002691846286139
0.000000000000000
0.002505485141197
0.000027180256362
-0.002204214012959
0.001129313796487
0.011654733327471
0.001140113588326
0.005893794529464
0.000092281310967
-0.011164441654129
0.000856688985772
0.001302573772809
0.002341006670434
0.000578123755697
0.000000000000000
0.000885270756327
0.000301083176925
-0.001554496850419
0.001495543805659
0.001379844145186
-0.000079710846792
0.000447693102724
-0.000933409236933
-0.001094166847449
-0.000355501673992
0.000660062862460
0.000398137805089
-0.000070193665775
0.000000000000000
0.000005082831648
-0.000287741392513
0.000393480948731
0.000098528558298
-0.000159060769299
-0.000749221135133
0.000559395094316
0.000099001247242
-0.000610066646117
0.000710314236523
-0.000595373744034
-0.000923498305354
0.000345076361910
0.000000000000000
0.000041047146164
0.000119710529450
0.000157651349976
0.000158493815742
0.000468012846693
0.000309831091146
0.000331462166441
0.000226873148615
0.000030011734565
0.000344978359188
0.000265153391024
0.000277193388764
0.000282129948024
0.031464459545137
-0.000000000000000
0.001657430070998
0.010075100816732
0.000521363589355
0.000180316275804
0.001668227752787
0.000861010614803
-0.000753536100322
-0.007023145898632
0.001894292576127
-0.000237705247597
0.001151043491545
0.000703445832721
0.001085521687790
-0.000000000000000
0.000412529551155
0.997542246225307
-0.004355212392514
-0.063743774077322
-0.000483133099373
0.008118030310947
-0.000399568495207
0.000814436034562
0.003316090891026
0.000606160078031
0.001630862271835
0.013457853373931
0.001701044346867
-0.000000000000000
0.004585496718863
0.003806699284124
0.005926850490338
0.000729178695825
0.000366022499080
0.002052850482043
0.002413286979715
0.004233271967806
0.000901056462445
0.003518390886152
-0.000192422194106
0.001038575518054
-0.003219130273608
-0.000000000000000
0.004527788208699
0.004038682345736
0.004684216566520
-0.002155255046827
0.000863170343917
0.004864776215162
-0.007273402499204
0.001067764398986
0.001667032903875
0.000153425295091
0.004273459437161
0.001244154863028
0.001556150072553
-0.000000000000000
0.001914466202135
0.000584378769687
-0.000383239350774
0.002416245296565
0.001594577737625
0.000178674559860
-0.000170080494206
0.001028421010881
-0.002939634142332
0.000508334567401
0.000727173459586
0.001260630956026
0.002502958795352
-0.000000000000000
0.001429859618988
0.001819301206162
-0.000144185103414
-0.001112385612186
-0.005408101181270
0.000546248219274
0.000188093330168
0.001694168491231
0.001744732283345
0.002489138708401
0.004157037516710
0.001100640583641
0.000423010162689
-0.000000000000000
0.000868765457926
0.000771341137154
0.000773628847157
0.000761979682289
0.000466136089792
0.000982278109686
0.000735147801654
0.000536759087029
0.000822623724058
0.000950113205365
0.000109799516397
0.001074293259054
0.001195651582912
0.015122124367890
-0.000000000000000
0.003598927072753
0.994313711704623
0.005522749536813
0.003808678440379
0.006674195500422
-0.001631379105686
-0.000759591512299
0.001292542119367
-0.000066705352614
0.000216110430664
0.000266310868682
0.008168459851115
-0.002534129791747
-0.000000000000000
0.003798618548474
-0.010578501919932
-0.008961133292504
0.001754154955814
-0.011591111334624
0.046688885281799
0.001818172600560
0.000324119968452
-0.005641630549967
-0.000024573178724
0.005307199271100
0.000741336410556
-0.001745895800924
-0.000000000000000
0.001866717721467
-0.003643523298480
-0.001859352367991
-0.003160644634853
0.005053971322168
0.007232879263422
-0.003695229649537
0.005020288188411
-0.008387496490827
-0.007150874360500
-0.009150194071160
-0.000050351610288
0.009289017659177
-0.000000000000000
0.002496892285273
0.005263611839975
0.012138541942035
0.002406099320765
-0.063519866998793
-0.014188835423522
-0.039261774379080
-0.003834849440358
0.015025470413223
-0.000395499183947
0.002224050137873
-0.003326749569108
-0.040807947015556
-0.000000000000000
0.002347791085745
0.002083985958427
0.005952098325200
0.006100566883504
-0.003619803008157
0.001613161355834
-0.000452792358092
0.001072953794618
-0.004208919731878
0.000714301986913
0.000850579887051
0.000286860698208
0.002496064468374
-0.000000000000000
0.000162715625985
0.001595380005338
-0.000564103679151
0.000195260487961
-0.006462052801829
0.000914395642128
-0.002126257062669
0.004350336508669
0.000580013518051
-0.001909536709750
-0.004902566655220
-0.001141898032044
-0.001285530355119
-0.000000000000000
0.001474051541666
0.001088007189294
0.001758169528074
0.001748411687854
0.001314058052626
-0.000579036483258
-0.000465895733431
-0.000690344329372
-0.000993085075178
-0.001514127099639
-0.000973890920082
-0.001329757806127
-0.000781131193652
0.012673230882250
-0.000000000000000
0.002209965216821
-0.006277033076392
-0.002351022322119
0.003343553030615
-0.000528573007415
0.003906225631578
0.000225587486885
0.018801260622387
0.005862552765651
0.004335672475192
-0.000739996930015
0.006127291766603
0.001488443285481
-0.000000000000000
-0.011656567925878
-0.015022914368466
-0.039168547213541
-0.007401770157664
0.001738614372065
0.063797357031052
-0.006674200666794
-0.001982251422803
0.001728042912459
0.004368016653620
0.000020261704250
0.993599384156831
0.004055259800264
-0.000000000000000
0.005307974849673
0.001392576191116
0.012803846600225
-0.010088637738986
0.000845562369013
0.010907037385953
0.001293583575810
-0.005139170283620
-0.001919735503491
0.011804630520772
0.001752694181069
0.002368106613353
0.002223995070182
-0.000000000000000
0.013278509387167
0.004256810177322
0.058218538668616
-0.002208027032767
-0.030156231827318
0.015587195136690
-0.005355561050349
0.001714382750498
-0.002005771138768
0.004296234221962
0.002549815510911
0.008060439309677
0.012435557097707
-0.000000000000000
0.003931547943380
0.003115318382052
0.001460102789674
0.000443524595414
0.004854063424241
-0.001096183885419
0.000714447874665
0.002172000010788
0.007664944986728
0.001763528326941
-0.000083234923768
0.003593726490983
0.002948107384342
-0.000000000000000
0.003746849244914
0.002932785931218
0.005544638474356
0.003109937585283
0.010354596886757
0.002520378684498
0.003295144971412
0.008552117155297
-0.000594916685245
0.002488589494841
-0.002132732173240
0.003286478796325
0.003543265379380
-0.000000000000000
0.002040656251184
0.002782298857919
0.002718106250879
0.002818554578887
0.003118971449624
0.001461814755471
0.001443208840750
0.001701204524432
0.001102967751852
0.001664790658552
0.003693678449544
0.002119875458765
0.001518340883958
0.011206986699212
0.000000000000000
0.005968790960986
0.053001059063634
0.006425129769849
0.014867746294400
0.028359545173840
0.003269285277311
-0.003021955044698
0.012006675145508
0.009757711817219
0.002347973709481
-0.007142125450333
-0.003529966883375
-0.005324761489069
0.000000000000000
0.001958075120207
-0.003931842349972
0.054719144682975
-0.010130907865709
0.125532460053963
-0.023975119418547
-0.004593593129285
-0.000801625596771
0.003704960963826
-0.007725102647348
-0.004435649354700
0.029770107775313
-0.010264417446792
0.000000000000000
0.016003449793567
0.027477321060244
0.044552748077680
0.088545740765661
0.006602966124254
0.008461567491282
0.010690351199724
0.003029495650218
0.078894024070388
-0.027511727707955
-0.014062856319466
-0.009026129429411
0.001743332575164
0.000000000000000
0.028403214420384
0.052965770185559
0.060138659261582
0.015425181175386
0.956587877030517
0.021484884232923
-0.132539037681704
-0.004285575472042
0.006855885345577
0.005724517914175
-0.000380851531161
-0.016094538267422
-0.122413450120630
0.000000000000000
0.000237031708341
0.002680935196155
0.016640494748901
-0.000980751946478
0.004204121346707
0.000699285830376
0.001665010926161
0.002021869354124
-0.008736807375812
0.002102237764910
0.000878578712530
-0.002463221147478
-0.000981461169192
0.000000000000000
0.002888056068024
0.001848279184617
0.006637817684668
0.003247501410332
-0.015272725380051
0.000676990474045
-0.006694038977115
-0.001904123907077
0.001394871289081
-0.006578613966188
-0.005776734434751
0.000659859398338
-0.005139369983996
0.000000000000000
0.001502332779436
0.002197401782271
0.003044377121026
0.002326258967180
0.001662193906370
-0.001384489503523
-0.001426685391447
-0.001815235109146
-0.000805724254702
-0.005739498015792
-0.002128426912895
-0.003214143798029
-0.002711757828094
0.008280858248122
0.000000000000000
0.005821710092588
0.065105831840161
0.002638820984139
0.012775995103726
0.009581899251338
0.010350508821503
0.005877004655829
0.014014754163590
0.014248497774506
0.014299061163571
0.022978984830404
0.006053887037903
0.054041333450441
0.000000000000000
0.016420989036703
0.002375180073836
-0.047817271225470
-0.005248336634820
0.043331556238923
-0.070142850991912
0.021956786205416
0.025433707193432
0.007996097233019
0.040492561475345
0.007207313256893
-0.000456316911902
0.061448891467277
0.000000000000000
0.032118074194700
0.024655136827882
0.025495584848591
0.035813281182312
0.007081619428540
0.023837133528342
0.004389552127864
0.000790690354865
0.016035439497922
0.091977727370529
0.050586686103839
0.077806608183369
0.023923446558262
0.000000000000000
0.019497791023071
0.015013129202004
0.039137241377512
0.022417866965269
0.161908162579473
-0.003673080654691
0.784627276037728
0.007099031897957
0.140087094331691
0.005206789696766
-0.002498867170128
0.016974576476828
0.533339176887782
0.000000000000000
0.002237467916426
0.008725460833120
0.001092513071844
-0.003937803769254
-0.001228593280029
0.000638014147281
0.002085336784592
0.009043918701532
0.011371429061188
0.004133533032543
0.008042607662120
0.011176216200035
0.005387918982080
0.000000000000000
0.011510778794147
0.008720323651136
0.006504062648242
0.014393967085888
0.014772259761594
0.013460926927422
0.011876517796623
0.010875451719202
0.004867721283565
0.015943913136384
0.017374128490230
0.006384170169229
0.026007072429559
0.000000000000000
0.006932231930299
0.004849999369410
0.004144042578278
0.004634172272502
0.003830020015520
0.006729610075821
0.006599307478514
0.005848140307524
0.005676564298022
0.023284833065430
0.008595798736256
0.012189015140292
0.010512753903040
0.005822218975543
0.000000000000000
0.037017558607326
0.008748944291354
0.042836590364648
0.027804887239511
0.032469801365209
0.008608127491705
0.018101258720173
-0.001301046322922
0.017942433276830
0.004838804514311
0.007161764660453
-0.013346099460899
0.004071072319150
0.000000000000000
0.054964246479001
0.002298533300301
0.958399985327005
0.001581108615474
0.050600514257192
-0.126291580310316
-0.004502145880500
0.010144257625293
0.002913031393352
0.005512295944675
0.002189941628757
0.032286782553252
0.003816945892039
0.000000000000000
0.065971258064642
0.040155426159004
0.037459125757316
0.044771306093879
0.037322556603597
0.016991379767969
0.011132744653392
0.025981190069215
0.001507599311767
0.026908262140813
0.007730123947812
0.014966052485273
0.010845570432296
0.000000000000000
0.062633409538129
0.032077884463705
0.121265671078643
0.047151509357110
-0.083839731772990
0.026371549113718
-0.005189133285380
0.002984886790140
0.022839243703400
0.004658311534893
0.016462680433543
0.006223324608667
0.043446621881016
0.000000000000000
0.018507434014240
0.014886307283325
0.022410849086857
0.012228270087261
0.018015590690267
0.002421900884808
0.013445850502401
0.006722975660766
0.016993248556436
0.004922483577359
0.017550360786000
0.007460609025736
0.007624521672973
0.000000000000000
0.023110298232863
0.019736192441250
0.022676222549545
0.019294927399020
0.033519566285222
0.007732280671324
0.007213370144823
0.007985522530235
0.009639357791011
0.010505224740308
0.006236303127801
0.003287680561549
0.016728504195823
0.000000000000000
0.014393206778927
0.013095425574482
0.012336898170533
0.011947535302126
0.010417383132061
0.006407021415282
0.006224809283144
0.005872768117832
0.005921197174123
0.005313088147428
0.006922047820211
0.006661594772122
0.006269122338013
0.005570971194762
-0.000000000000000
0.030421191000474
-0.053277453249005
0.021463252546989
0.027010795061133
0.029263802360212
0.022641286014138
0.013801174476037
0.044146432782695
0.047912930303538
0.041630060327439
0.020535769268937
0.116766262764746
0.024487396748118
0.000000000000000
0.076825151631624
-0.010337427134626
0.001722455933000
-0.001719647791283
0.035143825419066
0.805889289330118
0.073781882025999
0.013160166845561
0.017372453925390
0.055413557817745
0.028471809377533
-0.077167241843798
0.009465754761809
-0.000000000000000
0.090603792433046
0.053196260006459
0.087011053178325
0.086009258022485
0.046421784694216
0.090488077965600
0.026290532086828
0.032583808373710
0.008965882064750
0.048592264206186
-0.007291775689979
0.025863371353627
0.012087454620505
-0.000000000000000
0.069475051420119
0.100329258602569
0.281558164171271
0.146342093310214
-0.032845187659974
0.013831907860222
-0.062806383619321
0.003296493918068
0.340397698345729
0.024753625299940
0.001432258947563
0.031454353919208
0.019036393377516
-0.000000000000000
0.023164964308604
0.017222451283998
0.051891670168058
0.026061778352720
-0.003534383509404
0.008505284561503
0.006853122744620
0.028981920679867
0.026595031145331
0.015714404063744
0.009995599351151
0.024593477186342
0.024094102635664
-0.000000000000000
0.029610219064980
0.036390914802275
0.022143041506316
0.046537754413649
0.028880081100803
0.028533470018707
0.017454194380368
0.035903612127287
0.019866314478751
0.016377476463241
0.014604915213375
0.021741318860376
0.029078309114253
-0.000000000000000
0.022976855062781
0.020687213494723
0.019673409252533
0.018895750225669
0.011623863166373
0.009368073680068
0.008013362409022
0.008404227637507
0.009000567632411
0.006043157732279
0.011807307489381
0.011677288361360
0.008964932051905
0.005276577987512
-0.000000000000000
-0.066958120753254
0.003086406556058
-0.037769974814440
-0.057306094227477
-0.039369186515559
-0.026718039774651
-0.007552674969408
-0.083251823616727
-0.062651982352869
-0.058998935968179
-0.025322713132223
0.001617767916488
-0.035127051627915
0.000000000000000
-0.117944080819563
0.002840956319305
0.243778461961653
-0.010087353081602
-0.090643275600976
0.527093242234288
-0.096170207574755
-0.017444635913134
-0.040283860226200
-0.054355642289743
-0.026549011286405
0.017361610903108
-0.012557522697940
-0.000000000000000
-0.143516808638853
-0.080838025062346
-0.163886089286619
-0.066054789356233
-0.093196515622147
-0.086544493957846
-0.037574109645581
-0.026961567759157
-0.004740246438929
-0.049413399326055
-0.029613792145860
-0.015003205942895
-0.010841702789766
-0.000000000000000
-0.117788077825711
-0.125992298408314
-0.445585726389271
-0.344326739142179
0.107438612626622
-0.066870528170154
0.152357023799149
-0.000223008448527
-0.250785061588602
-0.014642546165394
-0.024321070623923
-0.040226945858981
0.056634111828132
-0.000000000000000
-0.045979461647425
-0.038215653723927
-0.088162517565368
-0.037067738507679
-0.041401555707102
-0.009133824630345
-0.008513183064997
-0.024038034363882
-0.067434280936486
-0.018652763098772
-0.026363628549399
-0.028761316980789
-0.026452188285707
-0.000000000000000
-0.053936840639808
-0.061191192193057
-0.044453235889922
-0.073435110640263
-0.113655352663589
-0.027791036676424
-0.024711791826605
-0.032869725283179
-0.004185263733045
-0.013876477625717
-0.024567190315153
-0.028024293240090
-0.031856197756492
-0.000000000000000
-0.038990404518580
-0.035631642422814
-0.033831114533798
-0.034695021012738
-0.031236296635233
-0.017460637942751
-0.016865218064070
-0.016005890116155
-0.015743417827995
-0.010820772058511
-0.019400456879487
-0.016689635145192
-0.015242851865095
0.004812539984095
0.000000000000000
-0.029927035373720
-0.009665576605299
-0.021840757722289
-0.035067258434314
0.011293518989018
0.007509115167854
-0.013161077388453
0.043926972032219
0.002174442996557
0.009615534770564
0.001892892447304
0.017390140077840
0.006240261683525
-0.000000000000000
0.019630919696207
0.004532374899849
0.045129525287137
0.011344751718410
-0.088678439060343
-0.164066294808571
0.057882579000199
0.031601020960186
-0.026739094698198
0.000798492809323
0.004204359761467
0.032491078184450
-0.004313053834985
0.000000000000000
-0.090273686606908
-0.075536586491489
-0.110113103007161
0.110528917941577
-0.103785812104390
0.087360864395169
-0.033735844533776
-0.035987214302232
-0.000876718954707
-0.073195655495649
-0.038170751353712
0.021729972667246
-0.026835991379921
0.000000000000000
-0.085431635841933
-0.084993499992472
-0.171648348542108
-0.361139404291047
-0.000239609293491
-0.052827153580843
0.007060141399198
-0.009448830910282
0.805121023323295
-0.009747122826480
-0.044465984964501
-0.041839951286892
-0.179635469118417
0.000000000000000
-0.033757251178414
-0.032254172227660
-0.093612791374382
-0.028098265881175
-0.031781082487206
-0.005021077793868
-0.003973691344620
0.031852981248603
-0.002909061219988
0.008904906047484
0.003231535177630
0.001033751193582
0.010345159117569
0.000000000000000
-0.017289126310812
-0.044430293285110
-0.025468057286144
0.025360344139407
0.000054505023423
0.034738328437917
-0.012016369355693
-0.010839501576216
-0.002577233353932
-0.033723332903750
-0.022399693155583
0.002501849291610
0.012698263358400
0.000000000000000
-0.016007861866530
-0.016869197228285
-0.015971221301900
-0.015415320988709
-0.012489767597232
-0.001000671429014
-0.003479591767865
-0.005008083662152
-0.007574107381713
-0.010516151502974
-0.002966912745601
-0.005967647161028
-0.009209316076982
0.004576942695846
-0.000000000000000
-0.028971670955824
-0.003133026965876
-0.036920941741762
-0.044968044360882
-0.014967307337563
-0.015722614696257
-0.010740348368313
-0.087427685098969
0.001294613563603
-0.075295302407010
-0.063240162318227
-0.090446292622008
-0.071403370657917
-0.000000000000000
-0.264009003244546
-0.001982237057879
-0.019193133326846
0.003000746538443
-0.072832774665327
-0.008259831356541
-0.192668751714891
-0.030523396064754
0.001022846640718
-0.061036876459961
-0.064467205008603
-0.043756112541365
-0.037564662947828
-0.000000000000000
-0.095347829450678
-0.043801868686346
0.051944350888285
-0.047700291567060
-0.128180438858223
0.015335468386295
-0.005405247651622
-0.020103487278253
-0.004381948379226
-0.000108443576299
-0.015146332724390
-0.023980064074454
-0.013856271952962
-0.000000000000000
0.016455257697751
0.003817123893637
0.712439397687558
-0.520385498010123
-0.011366306084474
-0.051083798584198
0.037826580652513
-0.020968905741811
-0.083650439341851
-0.026061518370942
-0.033259027944976
0.008583227350752
0.010119997926144
-0.000000000000000
-0.010253159469174
-0.007833417744389
0.046551468779522
-0.025823563585432
-0.027573575995955
-0.012340539449767
-0.006860944882824
-0.010989941406378
0.011160079601350
-0.010660004830502
-0.016801280434346
-0.010267893622776
-0.011513888877901
-0.000000000000000
-0.023509185298363
-0.010537006855934
-0.016384606397172
-0.055464175098964
0.012702410150996
-0.015600943258440
-0.009881581193159
0.012730413419195
-0.013027570319017
-0.021684440454476
-0.020799186940495
-0.014918921779507
-0.014372949361490
-0.000000000000000
-0.018985232658173
-0.011605147248749
-0.012562587484562
-0.011152269489928
-0.014741137163822
-0.014592055001248
-0.014055558911240
-0.009852974147990
-0.008780559951949
-0.019272082080244
-0.012052537642065
-0.016268295004457
-0.013160829536604
0.004233375668348
0.000000000000000
-0.061758294610632
-0.006932365094661
-0.037219536667159
-0.009089504766268
0.000856622657720
-0.042594534556858
-0.031038853527787
-0.165801051878863
-0.059332557751497
-0.175711217338907
-0.110840054547519
-0.168829031094407
-0.138543389137951
0.000000000000001
-0.342785286603779
0.006632740645704
0.035831800533330
0.002687566395844
0.010724909807635
0.024980263931857
-0.352563481580985
-0.021908410320839
-0.050889016685987
-0.179399548983939
-0.130464444244773
0.012956744233008
-0.069774278718434
-0.000000000000000
-0.033557931015085
-0.073041206548686
-0.065924839436790
0.018599585628596
0.098771728119875
-0.031839723861425
-0.093521207236916
-0.070823066499626
-0.019207523129669
-0.143059848036707
-0.079937140832907
-0.035782160591410
-0.093527897305415
0.000000000000000
-0.104924683945404
-0.015159477819244
0.052167891115445
0.551898853242664
-0.009509980790242
-0.186425564999799
0.157465155188168
-0.045779704524375
0.194270501991658
-0.064856315204130
-0.087633037470315
-0.075830968719683
-0.142060847031977
0.000000000000000
-0.029797039015123
-0.005748333887451
0.004973323640775
-0.035848167699683
-0.050706701263817
-0.021050522867908
-0.008774843745426
0.002165614256495
-0.030208884282565
-0.018686424288243
-0.041715395806273
-0.031174290571886
-0.032117413200910
0.000000000000000
-0.004600253560950
-0.022575359652195
-0.013584266744328
0.032946466650830
-0.053535972216253
-0.011665476998159
-0.036813326955681
-0.024902037396815
-0.021318286459546
-0.067849537518983
-0.067607521170891
-0.052385478642208
-0.040303775039607
0.000000000000000
-0.016295318725246
-0.016358950365675
-0.007261357845080
-0.005261225893058
-0.001409627258613
-0.034410010486037
-0.031418240650048
-0.025887658020865
-0.021674759566704
-0.038105313420273
-0.034360524455367
-0.038020118237093
-0.030624390032237
0.003820311677339
0.000000000000000
0.008809447345325
0.014110359299829
-0.015830005241234
-0.003812663384405
0.025898461005635
0.040177853922751
0.002806687534647
-0.120783186065751
0.054864201144170
-0.073139618890361
-0.008505934841359
-0.123958955471900
-0.098094832401671
-0.000000000000000
-0.394202735563658
-0.009148899845553
-0.038313231985140
0.003289709304938
0.086189681239427
-0.019836214312269
-0.307939651754449
0.036608326960015
0.052059741364238
-0.047023084410834
-0.084710461864596
-0.009839850287493
-0.027169472410569
0.000000000000000
0.148506185334332
0.107291524974200
0.067980474100544
0.013178439724429
0.005200948991406
0.080977594158294
0.102682763103673
0.090668565517366
-0.008802747810718
0.176225081375932
0.064707393337562
0.035664849673864
0.018235863272507
0.000000000000000
0.120195282960768
0.041384530553416
-0.257628400351958
-0.093391572651096
0.001019922942515
0.153121506441849
-0.381383309872908
0.017759448490993
0.163598940458058
0.040926362773038
0.073182349441717
0.073939450917298
0.477505481376441
0.000000000000000
0.038377259353443
0.028013926479420
-0.010008251898224
0.032531376029995
0.044129629320651
0.005236764876285
0.011730019438897
0.026658549018811
0.017315397509068
0.014437591266647
0.039457659137558
0.056709263803041
0.046114955135912
0.000000000000000
0.039034361104864
0.034617429226576
0.026939555731757
-0.008411041079797
0.052734576089453
0.035599422605085
0.033722532592402
0.032935969426536
0.027810566915491
0.085460413900444
0.034588654426541
0.040031565018031
0.093477232587992
0.000000000000000
0.023689932756476
0.020626426939856
0.014972723663932
0.015152891684249
0.008163976626602
0.023096025727290
0.015995485840773
0.013165128706166
0.010064472467555
0.001807967240133
0.020960613651451
0.021906950664996
0.018878617331864
0.003558301736738
0.000000000000000
-0.051871179725656
-0.000833276839561
-0.011897887839757
-0.047122385973020
-0.045886321920094
-0.051754051444523
-0.010643240687109
0.015231355158218
-0.095236734022502
0.049343531393634
0.049350317354733
0.047295105573808
0.025604955183511
-0.000000000000001
0.127192243830033
0.003132151436696
0.016536059256340
0.003392383446961
0.036753934962368
-0.050399422532191
0.166416602159801
0.001493797470523
-0.163063935734155
0.104026774131782
0.054934451776460
0.007542041620800
-0.043644846259040
0.000000000000000
-0.060117684952164
-0.024621162156716
-0.200292097437066
-0.106294628652060
-0.012848928479050
-0.013430543885294
-0.248782841501275
-0.148962839146324
-0.009106117112378
0.074138425697037
-0.137688420755184
-0.053147313285703
0.052230689093716
0.000000000000000
-0.189370723319303
-0.034359093486747
0.149200983495049
0.092683589780727
0.040563203465289
-0.413013647946149
-0.346026535958819
-0.023908450840426
0.048028359797126
-0.073669727421673
-0.096278718835541
-0.039022980661290
0.499607152734495
0.000000000000000
-0.031323315607802
-0.012624662480252
0.022024377331929
-0.035743381581044
-0.081169840572879
-0.001671673372172
-0.024846781673417
0.016391844090411
-0.096565417630345
0.006367099296664
-0.045092130888237
-0.011348883593212
-0.022816063460092
0.000000000000000
-0.021778666869887
-0.032271391422765
-0.029150390231636
-0.033915905060343
-0.214733377545257
-0.008087342865424
-0.019996193872784
-0.063249501757723
-0.004347844894363
-0.010804569945577
0.024862735868316
-0.031533713319944
0.040893788185282
0.000000000000000
-0.030470874549392
-0.026107306910605
-0.018124122973559
-0.014526963126910
-0.010494345419982
-0.024345379700332
-0.014775854837825
-0.016198529550865
-0.010198599770756
-0.012481459361192
-0.013022456262953
-0.005107031935303
-0.009540424763737
0.003214556553286
0.000000000000000
0.070366442581947
0.002279913844142
0.060435533923933
0.061733784854998
0.076609255242177
-0.040314472647394
-0.002352435671251
0.052723177705000
0.064886403367834
-0.000110153570898
-0.007417370491867
0.000059389242651
0.004258873892354
0.000000000000001
-0.030750811745135
0.008234649981615
-0.016050884089477
-0.000788305655765
0.110253421850652
0.035399978437664
0.004939829461602
-0.016462991334476
-0.065777147026405
-0.017061944004315
-0.016884625274349
-0.002288070862695
-0.018928470199502
0.000000000000000
-0.004324671331948
0.022725357994184
-0.101224053842180
0.092204760799283
0.056725456070496
-0.046798948146230
-0.150700235089857
-0.068433941640693
0.008561633128692
-0.039865175831728
-0.066487796960677
-0.038923329982199
-0.061335743606870
0.000000000000000
0.006863234917685
-0.016308390538793
-0.086017107850602
-0.088325367757070
0.008563423996443
-0.345359359580209
-0.013183747664937
-0.011598494041344
-0.071976972743258
-0.052134383675695
-0.065729407516872
0.011631228410069
0.028670960714725
0.000000000000000
0.024038940280382
0.019750856909746
0.020861636748273
0.032793933103945
-0.016658940772404
0.007226221243933
-0.014112858714650
0.008791240016669
0.338500694255174
0.002843782103365
-0.029588590930720
0.007032266909555
-0.011659835290875
0.000000000000000
0.010281973468472
0.049160511124458
0.045541426591384
-0.002900568376634
0.778125372968436
-0.016263903061246
-0.007759468149191
-0.016744993864414
0.006936909788851
-0.035888850211449
0.025417252112764
-0.014987410162861
-0.010564423096244
0.000000000000000
0.034618588935653
0.041227984334290
0.042084923700261
0.050845209453658
0.036792178546030
-0.015120728807082
-0.004220529165834
0.006564471994370
0.012312234340540
-0.000796469141745
0.012172634169266
0.000993586336802
0.006458128534828
