0.184854315820716
-0.000000000000000
0.043793147994803
0.069777877922019
0.084778542206208
0.110367647194847
0.126836226164331
0.041131165265664
0.046958705963163
0.061841387802231
0.086668243138285
0.045669931665646
0.047182380440196
0.050800731542273
0.064719454590215
-0.000000000000000
0.067722483709284
0.090144951228245
0.114950286263644
0.134973674708674
0.153090555504163
0.048632026412637
0.066351615534043
0.076836909151529
0.103084222840831
0.052938677186996
0.064002062393559
0.067600240731784
0.089478649929821
-0.000000000000000
0.105923313985893
0.131316296507710
0.154785865028739
0.154128045436945
0.192994834362476
0.072662138128295
0.100779482453180
0.088183365787178
0.126576937126192
0.090493370964683
0.094937468736655
0.095682813696189
0.107508379794089
-0.000000000000000
0.119914464486946
0.131838563527269
0.163880907384097
0.194211183127428
0.084829414616599
0.107443112140079
0.096728468473130
0.102698305258003
0.130000670904432
0.086651869529556
0.104559584957854
0.101700102886503
0.102271982580838
-0.000000000000000
0.123527380332303
0.125144561510321
0.141426390736993
0.163180052881301
0.121513113558970
0.103117588757350
0.089307309867548
0.092342868912177
0.086408616639081
0.098461998655571
0.088612844374019
0.096046728602980
0.103607187611731
-0.000000000000000
0.094358018687607
0.111581669845386
0.147645500275253
0.142355398360813
0.183090768637216
0.083315384079441
0.082486684822169
0.089555303701050
0.106514639715168
0.070901543685454
0.085885301432365
0.084413243391182
0.080253982507171
-0.000000000000000
0.074045094697640
0.095567529387671
0.113662546512919
0.131699453793339
0.157192280289492
0.065430550058018
0.074731358142477
0.084004531563549
0.106384091658603
0.061368744195311
0.071396518187864
0.072537520688488
0.083622271359094
0.076308383934703
-0.000000000000000
0.051076981787661
0.055841813577166
0.058186053042786
0.080301484708546
0.114439020204806
-0.052563229802122
-0.056492462154071
-0.074852856692580
-0.102262982415452
-0.056145963249308
-0.057259203864532
-0.063688644081278
-0.078727807594050
-0.000000000000000
0.066199913359042
0.079688432316848
0.076666606110326
0.116557073673497
0.134721505747540
-0.060549223399392
-0.080097599130485
-0.091992649873940
-0.121046079436412
-0.063922220701007
-0.076868553962275
-0.081256354923078
-0.104266206438765
-0.000000000000000
0.099850584642091
0.119018872994957
0.114175775469589
0.151856487643876
0.171878466917456
-0.086786976141771
-0.118780941916168
-0.105871986708976
-0.147139647710901
-0.106055833303225
-0.111323819545346
-0.111957391868733
-0.123571451983291
-0.000000000000000
0.116096759735415
0.123211241174900
0.122580174235110
0.116375912929688
0.007771894064106
-0.128039570809843
-0.117691708154695
-0.126604480873270
-0.139695331464084
-0.102358285562561
-0.123057002732479
-0.120285704856114
-0.121178466317394
-0.000000000000000
0.120868356296444
0.109223529750445
0.118102021875278
0.120750544811731
0.174711066204456
-0.118013372322036
-0.103494279437259
-0.109324485311269
-0.100642819649850
-0.114087309254213
-0.104578870367728
-0.113570193773304
-0.120114906071913
-0.000000000000000
0.087967697434902
0.102872482593863
0.092642548820059
0.097894107330615
0.143366877265618
-0.099807513324297
-0.099642893909419
-0.103262506008231
-0.125431769374969
-0.086510319604618
-0.100258410027394
-0.100592714564296
-0.094986609669866
-0.000000000000000
0.071843961595723
0.083634503754694
0.099780081117895
0.128977711496315
0.136951474414398
-0.079064231519922
-0.088755854813462
-0.098991757350104
-0.122661442754098
-0.074213426716112
-0.085119085398862
-0.086699913563978
-0.098587759452537
0.039345545156404
-0.000000000000000
0.143593791480410
0.089450511076234
0.127395808018798
0.049212134756285
0.093156432971449
0.108260183852418
0.029274356798053
0.050559545984258
-0.000690958852626
0.060920491975734
0.042758775916076
0.100635189747284
0.063018193006926
-0.000000000000000
0.103366358172797
0.089964825716623
0.030499438206344
0.057607330705717
-0.165851727622652
0.085111863332727
0.048300721929855
0.035141098804689
-0.016609870870639
0.039206659355700
0.035958516022731
0.039593952967595
-0.036040790072823
-0.000000000000000
0.103017292265001
0.006033420180874
-0.062232590481186
-0.132981169767260
-0.096907392643889
0.027602673905388
-0.004461756112621
0.048188035125285
-0.060634317466019
-0.020169271913700
-0.019534323633890
-0.026151037820394
-0.088827349547767
-0.000000000000000
0.009916639565540
0.005249474095099
-0.045379470680269
-0.163338842917147
0.654277900868983
0.033000958294127
0.094797791621123
0.145068581994979
-0.369713847794604
0.002516234385811
-0.009454155675101
0.007046291256244
0.012660403412722
-0.000000000000000
-0.008308281231750
0.011216828229441
0.027534873919859
-0.058319566719821
-0.010755277075476
-0.099378511190527
-0.051518357303423
0.008966399857480
-0.036123904011036
-0.057121017684565
-0.000188873886076
0.005687758695094
-0.058286071844602
-0.000000000000000
0.144904130135745
0.072278045315038
0.063052201529117
-0.003505947798047
-0.213029761224316
0.039585745892596
0.061605535159211
-0.065571110459868
-0.007623735087599
0.076209038947490
-0.029842641823599
0.025912402509280
0.007134891457769
-0.000000000000000
0.114154294891795
0.086428696626469
0.049736758202737
0.016618717415610
-0.074633533047821
0.049694287577183
0.015068446730655
-0.004075215053898
-0.077939861205992
0.048360367537111
0.023077043964230
0.029367600683497
-0.002819355344729
0.013808332007432
-0.000000000000000
0.123672018401867
0.080078828634061
0.173876294568016
0.129124247272375
-0.049318825720574
-0.147648766142859
-0.044108493159524
-0.073649770257069
-0.008980528333041
-0.085538249516358
-0.061773889869316
-0.138678679251621
-0.090581006292501
-0.000000000000000
0.091104467527721
0.077322986596373
0.138271102521049
-0.099422934111707
-0.063416881691637
-0.117980992265681
-0.071387658892096
-0.055161338335278
0.010162136575657
-0.057704343895376
-0.054808671510269
-0.059987500897461
0.037371051716613
-0.000000000000000
0.035227412762471
0.000522293482097
0.050598221943588
-0.058272726900990
-0.298854479552710
-0.044722771819154
-0.005594692839526
-0.073665856909338
0.065620740733210
0.016310558381816
0.014962835180877
0.023611049858560
0.105398841630344
-0.000000000000000
0.039783573087075
0.031138949881797
0.135856057950289
0.004369642706150
0.346878225323171
-0.055807741157283
-0.136167342489733
-0.203227396378329
0.473311296023580
-0.013234744637394
0.000566268573899
-0.020945169902742
-0.028372714810914
-0.000000000000000
-0.064114312034333
-0.000802605904354
0.049661981554858
-0.042881269229335
-0.293265033663926
0.119457855843586
0.057853461315051
-0.022351846688150
0.037846437578689
0.064187304187342
-0.009855064066508
-0.018464987475217
0.065129536936388
-0.000000000000000
0.123953427479536
0.024792349654291
-0.024432218131572
0.055849533356403
0.034060227244575
-0.061749674737069
-0.090753902044727
0.076367225157050
-0.002077126753133
-0.108724291302821
0.029613038831698
-0.043835009221251
-0.018565129877511
-0.000000000000000
0.099831468653017
0.066533258200807
0.034726937052457
-0.071831420398420
-0.098906323445717
-0.073060316688253
-0.028387345623621
-0.004193936762763
0.090776448646962
-0.070701531430846
-0.038599704952745
-0.047056382642996
-0.005817451212037
0.001934506174773
0.000000000000000
0.448922325320503
0.287980796408539
0.059467304069200
0.042552776655417
-0.097936247625788
0.067623916388449
0.274013042532186
0.122097760678563
0.006960451629226
0.202526943278144
0.186301495449649
0.100511101847307
-0.013213417189403
0.000000000000000
0.261176397768275
0.206212780123376
0.069957778135863
0.019621969903152
-0.033013233607857
0.132362979386965
0.125381422928261
-0.012559033456463
-0.015948876956818
0.169678407001182
0.069824161867460
0.005200171164607
0.011342332517112
0.000000000000000
-0.019308361466343
-0.018092325411241
-0.005701944487070
-0.018774449395677
-0.085892343644595
-0.022155407526656
-0.054681006662233
-0.067216783953420
-0.048694364405415
-0.023604956730793
-0.024848636785901
-0.016941044044197
0.045352132582225
0.000000000000000
-0.073980761032554
-0.036873226171976
-0.063828781813580
-0.063252259159430
-0.338801919465218
-0.071389509187791
-0.087960260158933
-0.113602442824328
0.075733622958344
0.039244190060934
-0.054667579697416
0.051559903033924
-0.062866125505419
0.000000000000000
0.027940837369934
-0.061341563810828
-0.104750448034686
0.108795362047448
0.041548762290825
-0.017305393839207
-0.025994772559324
-0.052620657277767
-0.033825505715689
-0.010970929737939
-0.019404740543426
-0.030614600119005
-0.005443748867665
0.000000000000000
0.012732118051506
0.011671235039951
-0.120531476568508
-0.090417959790660
-0.014253037696228
-0.059994336389547
-0.027383180690472
-0.023554172833937
-0.057534421080908
0.030932875680883
-0.019217565665353
-0.034945631528491
-0.030610278345731
0.000000000000000
0.183226096129903
0.094583184410016
0.026970810310621
-0.008858536685128
-0.026874034703734
0.069089097881829
0.044508748686204
0.023577542843835
0.002694280051097
0.124162537493912
0.040180167843729
0.040225221931554
0.019902726979303
