0.000002122833956
0.000000443249854
0.000000010856297
0.000000017786517
0.000000039844890
0.000000727859308
0.000000302439116
0.000000545521079
0.000000097502008
0.000000005584905
0.000000691958033
0.000000273572188
0.000000053044169
0.000000008026867
0.000000032888022
0.000000446715727
0.000000231205948
0.000000013311757
0.000000009055711
0.000000001392473
0.000000242730368
0.000000056470720
0.000000121343584
0.000000005959278
0.000000020516484
0.000000298156000
0.000000096441727
0.000000009665395
0.000000004721196
0.000000016986768
0.000000009593528
0.000000006049556
0.000000003990602
0.000000000443741
0.000000085556953
0.000000020893993
0.000000025505034
0.000000051837042
0.000000042496455
0.000000099967477
0.000000009956354
0.000000007905223
0.000000009411729
0.000000405273588
0.000000009139623
0.000000008264859
0.000000017209438
0.000000001070540
0.000000082611976
0.000000727172822
0.000000153422329
0.000000057691327
0.000000077208055
0.000000199831501
0.000000080703432
0.000000004312413
0.000000011465820
0.000000054995851
0.000000100287012
0.000000727172822
0.000000050474404
0.000000011884793
0.000000002015775
0.000000155947994
0.000000012245714
0.000000303535539
0.000000043500757
0.000000017704762
0.000000065866298
0.000000015271196
0.000000003972033
0.000000009419090
0.000000004976803
0.000000045041592
0.000000003861489
0.000000052886313
0.000000024430899
0.000000022678421
0.000000084132223
0.000000001179289
0.000000065662652
0.000000025801787
0.000000042020819
0.000000014359330
0.000000016016461
0.000000041438306
0.000000007193913
0.000000035631886
0.000000015209325
0.000000003612788
0.000000124508717
0.000000019681626
0.000000000688650
0.000000001421405
0.000000002961251
0.000000070067896
0.000000084586050
0.000000009094905
0.000000016488012
0.000000001583821
0.000000171857535
0.000000009056103
0.000000054198507
0.000000221646203
0.000000001791930
0.000000597849514
0.000000038104587
0.000000022701128
0.000000075384585
0.000000007859562
0.000000029745498
0.000000019433605
0.000000000592219
0.000000001968672
0.000000003309410
0.000000084503034
0.000000002917519
0.000000006403555
0.000000008732838
0.000000016461636
0.000000977749877
0.000000558095248
0.000000042099933
0.000000015153602
0.000000007331714
0.000000548044100
0.000000284711147
0.000000079044141
0.000000013258471
0.000000012675688
0.000000160038890
0.000000031857520
0.000000012433539
0.000000003487483
0.000000003816395
