0.000000000000000
0.000116400019349
0.000198593375739
0.000296243981835
0.000460737479268
0.000639928324022
0.000096224611136
0.000096018886202
0.000168386593935
0.000317584596532
0.000096953837172
0.000098872650738
0.000131197364251
0.000186935131361
0.000000000000000
0.000200687151470
0.000328495879783
0.000490877355669
0.000708664261193
0.000949900637512
0.000116124686302
0.000192463655113
0.000253514154382
0.000448883243191
0.000122701452883
0.000176981480791
0.000197716315791
0.000339171499892
0.000000000000000
0.000458118783935
0.000671791982630
0.000901094943657
0.000974151504656
0.001476394616640
0.000225839108318
0.000429265959308
0.000335645821064
0.000680072497635
0.000346008009243
0.000380789145783
0.000386997953267
0.000498415974314
0.000000000000000
0.000570323385540
0.000682577896437
0.001011957320304
0.001409052807274
0.000932344282228
0.000492239483900
0.000417862132739
0.000494255189152
0.000945491292878
0.000317638623473
0.000461912820852
0.000437860227381
0.000443341703681
0.000000000000000
0.000607392037972
0.000604837755395
0.000766378392529
0.001000488587642
0.000698878584567
0.000462458424946
0.000339664858133
0.000361213311471
0.000316416099027
0.000412909697563
0.000332024656894
0.000390453465256
0.000456888923697
0.000000000000000
0.000384738600917
0.000495281273797
0.000801203008758
0.000748930386721
0.001335655900065
0.000298374140335
0.000297767273432
0.000343919254249
0.000479404581132
0.000226609530011
0.000312135002275
0.000303823488099
0.000272772816529
0.000000000000000
0.000239623143756
0.000365267834977
0.000503501496094
0.000690968236716
0.000964053644916
0.000187553552898
0.000237223424079
0.000298230455624
0.000485321371842
0.000165421834767
0.000217490546717
0.000225334263277
0.000295565492270
