0.000000000000000
0.000000000000000
0.000000000000000
0.000000000000000
0.000000000000000
0.000752922176291
0.000840675867862
0.000757370315846
0.000766168282264
0.000855618871558
0.001180628663892
0.001056734117551
0.001273040202515
0.000941889466344
0.000799751534739
0.000000000000000
0.000000000000000
0.000000000000000
0.000000000000000
0.000000000000000
0.000108577939846
0.000145962213156
0.000207951524415
0.000144497283483
0.000157049448556
0.000963615823136
0.000883689226557
0.001018287024555
0.000758313977709
0.000413216616461
0.000000000000000
0.000000000000000
0.000000000000000
0.000000000000000
0.000000000000000
0.000814624357761
0.000734391780640
0.000578658489504
0.001204749043747
0.000800259295485
0.001248958845886
0.001249492489894
0.001505241381264
0.000902284604486
0.000944769741487
0.000000000000000
0.000000000000000
0.000000000000000
0.000000000000000
0.000000000000000
0.000527180908951
0.000775200468499
0.000419269696821
0.000908489518894
0.001002744369774
0.001402699042282
0.001434351776459
0.000403895238218
0.000535948167580
0.001460379217093
0.000000000000000
0.000000000000000
0.000000000000000
0.000000000000000
0.000000000000000
0.000767210410702
0.000548591447382
0.000435689942939
0.000490056696377
0.000874035934346
0.001011278037711
0.000938412275621
0.001319235323914
0.000809065567258
0.001265848592614
0.000000000000000
0.000000000000000
0.000000000000000
0.000000000000000
0.000000000000000
0.000439069439928
0.000552990891447
0.000509555922947
0.000511599736100
0.000200359097138
0.001141197777287
0.001130889142305
0.000778036212999
0.001820277137360
0.000546650981304
0.000000000000000
0.000000000000000
0.000000000000000
0.000000000000000
0.000000000000000
0.001555158733562
0.001502002515210
0.001160381061621
0.001793864339786
0.001700098723974
0.002082699509769
0.001954212596343
0.001898054832798
0.001886574069733
0.001594864786363
0.000000000000000
0.000000000000000
0.000000000000000
0.000000000000000
0.000000000000000
0.000485627080917
0.000434503897298
0.000456270096995
0.000476221174391
0.000385127466875
0.001847097560261
0.002699017951649
0.001690110021768
0.002107056630096
0.001975242057925
0.000000000000000
0.000000000000000
0.000000000000000
0.000000000000000
0.000000000000000
0.000470514072383
0.000515698610377
0.000487037268259
0.000443857231360
0.000371991650348
0.000799333766955
0.000801992528919
0.000851861730769
0.000823452305305
0.000698875208780
