0.000000000000000
0.000000414302256
0.000000316637688
0.000000652597588
0.000000082033946
0.000001264846187
0.000000053387816
0.000000063789883
0.000000062987650
0.000000116271215
0.000000019522454
0.000000028794879
0.000000033865838
0.000000020683514
0.000000000000000
0.000002255019231
0.000001162422303
0.000001306066501
0.000000670284865
0.000002750093638
0.000000015178706
0.000000059264186
0.000000030298934
0.000000022334951
0.000000010671703
0.000000014726589
0.000000028643206
0.000000017415121
0.000000000000000
0.000000360814218
0.000000297000864
0.000000359122058
0.000000107858884
0.000000754317216
0.000000061939074
0.000000056911401
0.000000038914525
0.000000071335518
0.000000057943398
0.000000013479124
0.000000148568100
0.000000034127495
0.000000000000000
0.000003125757199
0.000000077935983
0.000010111758816
0.000003311823092
0.000002981742731
0.000000304883721
0.000000214262754
0.000000515749450
0.000000537446830
0.000000184117668
0.000000282523320
0.000000043581978
0.000000053408736
0.000000000000000
0.000000020920428
0.000000109322389
0.000000162020914
0.000000276999172
0.000002691846959
0.000000032679834
0.000000048574320
0.000000033327441
0.000000154387940
0.000000039298342
0.000000011721892
0.000000031866885
0.000000068161166
0.000000000000000
0.000000270074446
0.000000850669202
0.000001940834642
0.000000558799253
0.000003380941785
0.000000059401066
0.000000039435077
0.000000039500891
0.000000071965191
0.000000036661776
0.000000030659720
0.000000010268136
0.000000187431140
0.000000000000000
0.000000111358577
0.000000067937842
0.000000008421491
0.000000906026286
0.000000043593793
0.000000015093384
0.000000016555509
0.000000036814773
0.000000042846724
0.000000005285173
0.000000003048417
0.000000005217132
0.000000004584743
