0.152267773383620
0.000000000000000
-0.000214993120827
-0.000179726964057
-0.000318827546756
-0.000287814696091
-0.000209657127122
0.132088333549135
0.121269947875095
0.131983333552779
0.133998810871094
0.154530781456110
0.158416178991659
0.155757854705802
0.146316722783324
0.000000000000000
-0.000249322583508
-0.000237385090243
-0.000306490535320
-0.000299098889775
-0.000201816902249
0.047587009585404
0.076464458732582
0.050298200390096
0.058128315087474
0.139572985238303
0.140130290561071
0.146319916218439
0.132726281287414
0.000000000000000
-0.000166481703743
-0.000156517653874
-0.000298581380892
-0.000324098576288
-0.000284956669941
0.114583980286141
0.100156718692392
0.160872797132012
0.158325226566536
0.165372895671213
0.163156284775778
0.173230426165588
0.144609486720052
0.000000000000000
-0.000260059531319
-0.000121344062491
-0.000209966399581
-0.000262168454762
-0.000166878844924
0.152425876089276
0.077884511149648
0.058651070629423
0.179342059114242
0.226259944712408
0.151910462862233
0.123751236264547
0.100195255968639
0.000000000000000
-0.000152198445505
-0.000121186856808
-0.000264663872332
-0.000297739722355
-0.000213909937729
0.107323476105467
0.106803027068278
0.097768226477688
0.129629587827803
0.161541825760560
0.142174435966081
0.153136730995228
0.139344118498838
0.000000000000000
-0.000179396361673
-0.000192064801942
-0.000265047787850
-0.000340464563532
-0.000219453797066
0.106496991914270
0.113287760154235
0.092378056358760
0.078801488243196
0.153180578243218
0.164705218686491
0.124935354013430
0.198927841510338
0.000000000000000
-0.000133878330118
-0.000098245952673
-0.000201665238045
-0.000178957325133
-0.000093289575419
0.097497098104475
0.103792826405994
0.104618918456267
0.091656119038040
0.138557369368748
0.143501409968378
0.142082399983670
0.139205407137053
0.075164811854186
-0.000000000000000
0.150067106366814
0.132468746503088
0.229243965527993
0.204591316081445
0.163816412880085
0.000138475172471
0.000138850296508
0.000137510693412
0.000144627363741
0.000209111431360
0.000239829954522
0.000226993831877
0.000199947352337
-0.000000000000000
0.169559800551875
0.163088980580614
0.213932168135500
0.212842257232803
0.151280109820744
0.000049286405887
0.000084861402564
0.000052498874954
0.000069981908250
0.000183209826855
0.000183424436636
0.000197599230340
0.000182322071977
-0.000000000000000
0.122258757856480
0.119088235379660
0.243741652062655
0.236537486663216
0.221293194888784
0.000131358525215
0.000132447925449
0.000191321244435
0.000175967330095
0.000257787400862
0.000243456783486
0.000303333735667
0.000212996069389
-0.000000000000000
0.188943888941752
0.093923039981072
0.175908307639279
0.198194236651121
0.094790742464210
0.000167585488026
0.000092276952476
0.000040051764317
0.000230208609786
0.000365088933106
0.000245812770883
0.000198609423469
0.000149306884982
-0.000000000000000
0.112065591112757
0.086022516782688
0.193594614713034
0.203206707642372
0.187896897455010
0.000119686097468
0.000120437372827
0.000126607669441
0.000141276688027
0.000248005856994
0.000204991597524
0.000219491311296
0.000174768450016
-0.000000000000000
0.130193936509792
0.135659693795700
0.180721308607193
0.257485241351200
0.169109798710593
0.000119541507506
0.000118421687533
0.000103140021002
0.000098491044637
0.000234790641344
0.000242008513147
0.000169688217472
0.000306161841870
-0.000000000000000
0.092517900697224
0.067525396349645
0.141371900471449
0.132082386475707
0.068497925772300
0.000112128723804
0.000121307729438
0.000128599009802
0.000124494019956
0.000192802226724
0.000197153982470
0.000197650480501
0.000190437794791
0.011477026516569
-0.000000000000000
0.000035457015881
-0.000002457639087
0.000019052829617
0.000020531784074
-0.000075581324806
-0.192565212638316
0.043661242977972
-0.130425435354703
-0.056211928859652
0.005602593188242
-0.047520719960384
0.019691065725317
0.061250109568837
-0.000000000000000
0.000074467030530
0.000057367584264
0.000054297487884
0.000029167122367
-0.000052630661372
-0.041892712334968
-0.124047648641229
-0.020268854370139
0.003362281727686
-0.138510475461665
-0.061933250612417
-0.056236286819079
-0.021139501313943
-0.000000000000000
0.000000963675302
-0.000036643531430
-0.000138869314100
-0.000015148839575
-0.000084484857377
-0.066239332301108
0.200002913687989
-0.269367242163076
-0.178724988472290
-0.041462501182118
0.182047063991154
0.243573449511727
0.148823606773514
-0.000000000000000
0.000024816335576
-0.000033093639541
-0.000164467794332
-0.000069962223078
0.000147342540224
-0.201616526523114
0.154598313527540
-0.137100654055258
0.116586774164093
-0.222474884803630
0.117386966209034
0.472699668047151
0.274320468981584
-0.000000000000000
-0.000007240777144
0.000012790634097
-0.000017148299399
0.000063978774710
-0.000181434930260
0.003697405750682
-0.074751713287666
0.154932629112015
-0.028537671787290
0.060704841312301
0.009450399472776
0.088989574337983
0.020564050089507
-0.000000000000000
0.000006233851041
0.000030091317755
0.000073604684164
-0.000041055868830
-0.000079155972052
-0.009433132555305
-0.149274236093461
-0.074303720879338
0.113609473960233
-0.027743280693385
-0.074442306809315
-0.096811162044711
-0.013774227705066
-0.000000000000000
0.000025231920337
0.000020494676534
0.000021250814933
-0.000028514777426
-0.000008415816372
-0.012380359827038
-0.004335421188778
0.061488907840641
0.240496730278416
-0.011150706210008
-0.037492487205449
0.033492422391997
0.049263647496988
