0.000000000000000
0.000001119679717
0.000000272917652
0.000000411192985
0.000000056598391
0.000001255181291
0.000000370460974
0.000000480657314
0.000000027738938
0.000000757131630
0.000000882336793
0.000001016743483
0.000000850317509
0.000000012499208
0.000000000000000
0.000000367706274
0.000000285049671
0.000001160148770
0.000000017044312
0.000001591577135
0.000000284150046
0.000000192866605
0.000000109774917
0.000000081924837
0.000001041650604
0.000000851754703
0.000000938924034
0.000000001155381
0.000000000000000
0.000000026380428
0.000000036440678
0.000000084933980
0.000000166079563
0.000000218499609
0.000000123894224
0.000000187673184
0.000000199423359
0.000000245806157
0.000000107796710
0.000000209617563
0.000000155925727
0.000000238763522
0.000000000000000
0.000000057947462
0.000000052653030
0.000000794153127
0.000000400580157
0.000001233687580
0.000000188877567
0.000000719966382
0.000000601957521
0.000000186168828
0.000000338471222
0.000000545133675
0.000001054861717
0.000000751224786
0.000000000000000
0.000000024093410
0.000000025079575
0.000000070990040
0.000000130342070
0.000000135458810
0.000000365861446
0.000000100952051
0.000000258479771
0.000000154203549
0.000000097656251
0.000000220231403
0.000000205990084
0.000000235845774
0.000000000000000
0.000000095089022
0.000000098958484
0.000000144516878
0.000000393437593
0.000001459103527
0.000002149402396
0.000000143398117
0.000000222752397
0.000000006655422
0.000000125669064
0.000000144294124
0.000000332257101
0.000000203048416
0.000000000000000
0.000000001139162
0.000000004195330
0.000000014115703
0.000000015243483
0.000000004632487
0.000000016037208
0.000000016270031
0.000000019283515
0.000000025661446
0.000000000881698
0.000000022736483
0.000000026853356
0.000000019514762
