0.000000000000000
0.000000000000000
0.000000000000000
0.000000000000000
0.000000000000000
0.000001453889392
0.000001593028819
0.000001695874323
0.000010568102915
0.000047190120306
0.000003275579284
0.000008938061998
0.000003452691644
0.000029152959526
0.000009740733637
0.000000000000000
0.000000000000000
0.000000000000000
0.000000000000000
0.000000000000000
0.000003696501301
0.000005243243946
0.000001439124328
0.000001550269314
0.000122073623285
0.000010295189407
0.000004276387956
0.000043931995871
0.000012374664821
0.000021137511052
0.000000000000000
0.000000000000000
0.000000000000000
0.000000000000000
0.000000000000000
0.000001093292569
0.000000465904920
0.000000931056096
0.000000573744885
0.000001319683095
0.000001671272929
0.000001879440108
0.000001548066142
0.000001752668033
0.000002227658154
0.000000000000000
0.000000000000000
0.000000000000000
0.000000000000000
0.000000000000000
0.000001741203494
0.000000647959459
0.000002554213054
0.000000323713070
0.000000667409608
0.000002073573008
0.000001351755169
0.000005097853228
0.000002789585025
0.000006823956089
0.000000000000000
0.000000000000000
0.000000000000000
0.000000000000000
0.000000000000000
0.000000731895647
0.000000472914903
0.000000532931185
0.000001930206306
0.000000409503482
0.000002638567737
0.000002029201912
0.000001252859506
0.000002716786242
0.000001554976268
0.000000000000000
0.000000000000000
0.000000000000000
0.000000000000000
0.000000000000000
0.000001364768959
0.000003388620080
0.000001364038749
0.000001253414407
0.000022038618289
0.000003029941129
0.000002194810804
0.000003193533509
0.000003064027168
0.000005725903861
0.000000000000000
0.000000000000000
0.000000000000000
0.000000000000000
0.000000000000000
0.000000046374268
0.000000590275999
0.000000265220679
0.000000036196506
0.000000053704065
0.000000019424651
0.000000058309445
0.000000114630733
0.000000024497148
0.000000128374596
0.000000000000000
0.000000000000000
0.000000000000000
0.000000000000000
0.000000000000000
0.000000490946271
0.000000577598391
0.000000535958183
0.000000367540303
0.000000313936088
0.000002073426519
0.000001406265775
0.000002144281466
0.000001225576885
0.000000824874140
0.000000000000000
0.000000000000000
0.000000000000000
0.000000000000000
0.000000000000000
0.000000710589406
0.000000744110354
0.000000619833076
0.000000540564962
0.000000421700070
0.000002567645341
0.000002115689909
0.000001677519304
0.000001516964426
0.000001238766984
