0.015830325135639
0.000000000000000
-0.012060133419605
-0.005239519509073
-0.005040503343524
-0.048465337256784
-0.005345047303832
0.000989065715191
0.001206803321195
0.005806087740202
0.669297369302321
0.198374388093830
0.024131982329147
0.015645614233659
0.250936414793475
0.000000000000000
-0.005035040482272
-0.003065649578302
-0.046991482624208
-0.028035053684764
-0.034913884304324
0.009328361076706
0.005875839150711
0.006685960674065
0.034370214958246
0.019995640464773
0.014943051948371
0.655004999524587
0.074343842846335
0.000000000000000
-0.000823109395410
-0.000928980142476
-0.001297431965521
-0.001629392217721
-0.001484599896069
0.002060347129412
0.005735900314152
0.002080685996207
0.003772285419124
0.007697865486257
0.006041584337771
0.007733506583979
0.005989654224920
0.000000000000000
-0.000539016812115
-0.000007446713917
-0.001927626119395
-0.000552979436753
0.001061390907200
0.002569554569430
0.003726038584762
-0.001695772170360
0.001065199813566
0.001324981895323
0.006059036695868
0.001302751984590
0.006364145266350
0.000000000000000
-0.000795303162933
-0.000470716131891
-0.000940863659467
-0.001768014428066
-0.000040576609053
0.007164794290613
0.002931067703451
0.001159740807414
0.003901860529420
0.004750141077815
0.006163909605492
0.005111599869398
0.007957539545395
0.000000000000000
-0.001388898491971
-0.001505515540690
-0.002182271971157
-0.001319501260728
-0.000697399779589
0.015197180945473
0.003349390104990
0.002366809660428
-0.001184040555493
0.008637618099929
0.010366355470040
0.011301474067408
0.003997699848566
0.000000000000000
-0.019579581122775
-0.000422001477462
-0.000773907419999
-0.000716732524941
-0.000411350955599
0.003653481806522
0.003132560022756
0.002748459417785
0.002896547678700
0.061599300943308
0.005624823637516
0.006218032178235
0.005597836987383
0.012140115547654
0.000000000000000
-0.006475989081735
-0.002440859705672
-0.002344324364894
-0.024683922080915
-0.002534606549882
0.007602783607993
0.005954256030613
0.016615121417069
-0.080523240319015
-0.019498926354989
0.038679548313881
0.011763591893020
0.069147616906310
-0.000000000000000
-0.002385991738955
-0.001493531861861
-0.027034148858612
-0.012854174110670
-0.020219090843113
0.003796719329608
0.009760216411349
0.010910963621537
-0.012467905648078
0.011897813697573
0.014423968337228
-0.073294421314560
0.977761409101180
0.000000000000000
-0.000440900527831
-0.000478893205248
-0.000696717169099
-0.000818582684007
-0.000779570745438
0.004458857890845
0.007542375514127
0.003941440945317
0.004082690493389
0.011214471148033
0.010134947255178
0.009763166059573
0.009210704530305
0.000000000000000
-0.000299701814857
-0.000064896616705
-0.000975079062901
-0.000365277191365
0.000460219336326
0.006589524828842
0.004855424733209
0.001027850726881
0.000301572023129
0.008773248021313
0.005562324949738
0.007031462889982
0.010595037903813
0.000000000000000
-0.000423741829848
-0.000266819058158
-0.000535639393259
-0.000972284415807
-0.000110614803884
0.004994270843856
0.003382363433224
0.004714390183683
0.004204519130939
0.010820619487012
0.009204381787340
0.008283660681054
0.012933882321758
0.000000000000000
-0.000694391885284
-0.000756317732912
-0.001157229647411
-0.000689140886250
-0.000369012570303
0.023043909392664
0.007186901251336
0.005012502433770
0.001888217284888
0.010138056653479
0.009282683884205
0.017019472781153
0.010549825768977
0.000000000000000
-0.012179588039291
-0.000226342934421
-0.000424040238616
-0.000387629761273
-0.000225959636779
0.006379736351439
0.005167537289618
0.005129115663168
0.004924522951605
0.138217973435708
0.009947603156768
0.010472271567402
0.009336528793088
0.010892544516642
0.000000000000000
-0.011977204586460
-0.004044405108129
-0.003899235884588
-0.043985262384221
-0.004269936999620
0.004971968190038
0.004411771483470
0.009395399936682
-0.055324776606391
-0.010982406926203
0.002635476507445
0.009624913191566
0.060048374228685
-0.000000000000000
-0.004021960919853
-0.002570792948903
-0.052310580051704
-0.020881890540693
-0.039289761208188
0.000682012243703
0.004362874662914
0.001434540907289
-0.026412788471103
0.006308899960283
0.004086826978781
-0.048698742704545
-0.156882952177942
0.000000000000000
-0.000807930368862
-0.000855097118089
-0.001280108073133
-0.001438144999848
-0.001409948681497
0.000801142803903
0.004577515326722
-0.001037464164404
0.005215026885255
0.003185234204663
0.002824114327734
0.001970187634794
-0.001124117863388
0.000000000000000
-0.000559497187914
-0.000185075599897
-0.001725497558647
-0.000744604811815
0.000720944897412
0.001136752184474
-0.001604449749181
-0.001404051306998
0.004197182855830
0.000298525101856
0.002339174116421
0.002516078669753
-0.003765966410896
0.000000000000000
-0.000772942317837
-0.000504938408104
-0.001020874624804
-0.001812242786729
-0.000299179975798
-0.002973623671723
-0.002168233277778
0.003760035887008
0.003241749397987
0.005305847879524
-0.002711318160399
0.001808357722125
0.003591916794028
0.000000000000000
-0.001214909365677
-0.001331450000467
-0.002106342957092
-0.001235510174553
-0.000673046479274
0.015307360535133
0.004445067800491
0.006336165962611
-0.015128106283723
0.002295868325839
0.000142894456988
0.001889441908347
0.005528234298286
0.000000000000000
-0.025362300678627
-0.000415201583072
-0.000788096120659
-0.000715477867643
-0.000420738844498
0.001719106538967
0.001783384289552
0.000916842421872
0.001105792362540
0.978203034648716
0.002516162804941
0.001995279331670
0.002906765149301
0.008446566921448
0.000000000000000
0.098577813697383
0.013724050106732
0.015493413650715
0.294360476437841
0.018069492543657
-0.000447319300695
-0.000075968635133
0.009215623921283
0.080674843511329
-0.081059982718530
-0.009384782352471
-0.007800836884797
-0.073553906278617
-0.000000000000000
0.018094973357372
0.014315155493139
0.531671695787704
0.044651584556806
0.402872749164668
0.001459565597354
0.000446291299141
0.000730132205224
-0.316942354003277
-0.006660834955762
-0.004323714672077
0.077777012728735
0.039192102472507
0.000000000000000
0.006550659405663
0.005723584721275
0.010806961993104
0.009224949268051
0.010534160841415
0.000692157106087
0.002215477755973
0.000705944696283
0.000994745698889
0.001437573485562
0.001161712486480
0.001796472833754
0.000403664148675
0.000000000000000
0.004203524051707
0.003268000320608
0.011109062128766
0.008388847474589
-0.001469039459610
0.002689426294195
-0.001884525310201
-0.001102368002753
0.000797295815074
0.000585743516918
0.005248224186354
-0.001738600610707
0.003522752909637
0.000000000000000
0.005871374486062
0.004649364316884
0.009934052243193
0.015065618620256
0.005423141685437
-0.000349448053951
0.001067717373771
-0.000201110775674
0.001741791560264
0.001366769606245
-0.000271197421758
0.001181864735312
-0.000588311596943
0.000000000000000
0.007438621185081
0.008577939380112
0.016277321807882
0.007194466008097
0.006909622030894
0.003791873439424
-0.000570252625062
0.001119035404760
-0.008734100628855
0.002030811037468
0.001336747451051
-0.000147715900589
0.001022893341071
0.000000000000000
0.565293297946690
0.003299563074944
0.006711371234139
0.006007459420463
0.003592551230745
0.000928016391471
0.000866029594758
0.000621640315474
0.000546767225275
0.084764445264562
0.000796704636976
0.000786290832755
0.000886390165881
0.008096563314273
-0.000000000000000
0.023347728772095
0.000379377218870
0.001462843615058
0.059502940698308
0.001752390735448
0.008642456782516
0.007224303908110
-0.025203771175754
-0.079182356343394
0.255615829313858
0.016898893272905
0.021135775415848
0.134602520333186
-0.000000000000000
0.002548814469256
0.003113895776132
0.142111381007440
-0.007546175497611
0.105660484358178
0.006881143489762
0.009778659271435
0.011619261439770
0.873147094922279
0.021570830165794
0.021249442993643
-0.071506369954486
-0.002107663265586
-0.000000000000000
0.001946189475530
0.001369812689190
0.003389378938254
0.002381081034491
0.002930370570402
0.003907612581215
0.003093019994326
0.002485527102990
0.002424886283159
0.010416773255342
0.010143594662858
0.007975856694412
0.009258858157791
-0.000000000000000
0.000845189450547
0.000869397425084
0.002387860604592
0.002624999329083
-0.000011926466077
-0.001608522080922
0.009875609352665
0.002125235238739
-0.000586500603358
0.006817758739503
-0.003832018708030
0.014944365647575
0.004255951295592
-0.000000000000000
0.001571695825995
0.001450584783370
0.003111997720312
0.003928956713573
0.001789641009157
0.005825644147228
0.001748223630064
0.006081867100180
0.001351291252465
0.011157196332315
0.011244495647902
0.008812127468717
0.018715996744758
-0.000000000000000
0.001810565323017
0.002046701206061
0.004607506095848
0.000972612958180
0.003151931586837
0.005632111217778
0.009670939210639
0.003612745987892
0.002175830836489
0.010975518095326
0.010809392211984
0.022265349908212
0.009891984615025
-0.000000000000000
0.316937853467432
0.000913406717715
0.001958878230147
0.001773297752486
0.001030825761240
0.005474389249333
0.004387162022457
0.003935557971574
0.004227588783403
0.031813464508731
0.011120885535476
0.011308998722874
0.009984483245738
0.007667503992115
-0.000000000000000
-0.084563027064544
-0.012925342339766
-0.013439563311758
-0.262842950807276
-0.017145784329116
-0.002446255002376
-0.002198143936055
0.004218442892261
-0.012327858388878
-0.042124517681116
0.000514164492370
-0.002379410746234
0.002512967247039
-0.000000000000000
-0.012494882971032
-0.005619254089298
-0.440986724918013
-0.030966367544945
-0.358377133043991
-0.002941985381802
-0.003214358316789
-0.004040223428194
-0.127845627623425
-0.002988836532936
-0.004307428412559
-0.013040422336340
-0.015801453094576
-0.000000000000000
-0.001155537661880
-0.002548862826987
-0.000877379826101
-0.002017950306034
-0.002556479567449
-0.001571615928735
-0.001962242520542
-0.001151112350927
-0.001176572394443
-0.003915790488246
-0.003763565442161
-0.003363171173371
-0.003132538110932
-0.000000000000000
-0.003953585547590
-0.003423417391534
-0.007434205175132
-0.002820230355273
-0.001056851132644
-0.000776219732337
-0.002220208075108
-0.000147359983716
-0.000134562217582
-0.002474027736555
-0.001315308739284
-0.003860969472888
-0.003152535622442
-0.000000000000000
-0.002095464081442
-0.000787963399720
-0.002593498139579
-0.008496021797979
-0.002518501184819
-0.001658071390549
-0.001114605071213
-0.001786702404728
-0.001233859903013
-0.004175152471119
-0.003453445329956
-0.003354329925764
-0.005651866298529
-0.000000000000000
-0.002005141951637
-0.003784779838300
-0.003969886216264
-0.008145645864625
0.007228546882757
-0.003355701976675
-0.002711290021427
-0.001576325539015
0.004083298780902
-0.004463593385231
-0.004144637085599
-0.007002250651101
-0.003586943555878
-0.000000000000000
0.760240820569092
-0.001144389114279
-0.001943298950169
-0.001515033201892
-0.001231680086439
-0.002160760228575
-0.001781068775895
-0.001521293722637
-0.001588006655587
-0.039692896657300
-0.003897004738229
-0.003961075295433
-0.003562602196037
0.006071691034719
0.000000000000000
0.002446093003690
-0.003083294251874
-0.002052812450243
-0.002012231769760
-0.002311889205347
0.061399158059292
0.081444251449389
0.080473735881565
-0.192073822211873
-0.010779028383633
0.189427406062370
0.146016217423194
0.671044481128121
0.000000000000000
-0.002258254042185
-0.001386171658269
0.032110435076500
-0.026355904661475
0.026880107479978
0.078729636212493
0.098271293739013
0.100037412422132
-0.178770533994835
0.182352855347744
0.145667330150790
-0.075046029282067
-0.104911431753303
0.000000000000000
-0.000398084806808
-0.000447509390086
-0.000612162040223
-0.000866910907131
-0.000751016446825
0.049378268094639
0.068221382058450
0.038119663341805
0.025982517483842
0.126192230447919
0.102768770803551
0.096773922231346
0.102311969767239
0.000000000000000
-0.000166322896277
0.000113197552171
-0.000548532365668
-0.000217611071973
0.000754994932362
0.043643983078709
0.047108324419057
0.010210668369880
0.008546670407743
0.070676648424425
0.068847517694169
0.129064695774577
0.093675317326400
0.000000000000000
-0.000374056384706
-0.000232234264344
-0.000192738941816
-0.000390177348830
0.000001285650605
0.055403453517833
0.035202139888714
0.065712993664996
0.038245348020968
0.123519016969653
0.116278388946208
0.088051216521469
0.122644994789534
0.000000000000000
-0.000782764171467
-0.000566270424982
-0.001053738148293
-0.000631090540616
-0.000718363219907
0.074812245287238
0.084151455528043
0.070825149917709
0.123906990659221
0.120515276106037
0.107293365088029
0.162217936622663
0.113669838070378
0.000000000000000
0.001106029438977
-0.000167021087412
-0.000299252486499
-0.000268908106904
-0.000141863505906
0.064520827133729
0.057872792203693
0.049838854381484
0.045510645800358
-0.086189848811463
0.108089815439003
0.105074829289038
0.099873124272470
0.004954970162934
0.000000000000000
-0.018929852582756
-0.032165868706251
-0.020027299064642
-0.100973287573680
-0.025598376305168
-0.056006220915703
-0.088068228014696
-0.029693431072913
-0.042671726113507
-0.096434767822173
-0.063832700762540
-0.141103311083463
0.607251648516937
-0.000000000000000
-0.025442607775610
-0.017571980204636
0.088824081096808
-0.288649284718735
0.087233369398035
-0.102609656974776
-0.095607255510207
-0.105548087795582
-0.049194822924382
-0.138784434553374
-0.125807937609811
-0.117220670423114
-0.011231774983658
0.000000000000000
-0.007744859076713
-0.007641364641495
-0.011933054531795
-0.012649425722808
-0.013527471623893
-0.052233064748399
-0.068454333468137
-0.042901517753654
-0.027071103734395
-0.126279207389218
-0.109181028528634
-0.099326507366705
-0.111857868966692
0.000000000000000
-0.005126239926742
-0.003105044950134
-0.010500743946560
-0.009138406679529
0.005965047588465
-0.052778222524925
-0.045143213611459
-0.009178619948038
-0.006619734412484
-0.079772187473733
-0.080797779990221
-0.137740628902975
-0.105998212740431
0.000000000000000
-0.007331229599727
-0.005391987389533
-0.007743081950771
-0.013262441636098
-0.006303456684223
-0.055837515302204
-0.040737562214173
-0.075271606835728
-0.041698886965944
-0.136845817383924
-0.125734136068586
-0.088708933851514
-0.128085568635823
0.000000000000000
-0.011396777509506
-0.009120601003774
-0.019843878466859
-0.012199864586760
-0.009581257580427
-0.099805577906310
-0.087818503440089
-0.074536151979178
-0.232186552189426
-0.126872943716456
-0.133531171275998
-0.169823398971262
-0.129376554117438
0.000000000000000
0.004091039073321
-0.003597921941361
-0.007025023765353
-0.006056295041572
-0.003607939490410
-0.067180775206012
-0.060777269032804
-0.050758769866953
-0.047993626099647
-0.044419985285791
-0.114771898957759
-0.112082518367854
-0.104116574534908
0.004599701922155
0.000000000000000
0.080343917373223
0.087179044705844
0.050905886738599
0.263593360084485
0.068589625261243
-0.012239882297466
-0.023245931925959
-0.007594778483929
-0.004606454821634
-0.027047207030297
-0.019716519421207
-0.049883440762375
0.243984908610610
0.000000000000000
0.070688596608214
0.050838667856923
-0.119953980340168
0.846456338650270
-0.138875282450243
-0.029027861156166
-0.022728045713755
-0.024957682729895
0.001078194281157
-0.037882874263286
-0.033837136476130
-0.024982180912822
0.004019360083898
0.000000000000000
0.025765402096966
0.024468797836480
0.039708128283817
0.039176116464354
0.044350124694545
-0.012794186207332
-0.015381842356654
-0.011050913929355
-0.005832690560244
-0.031010426713048
-0.026088705958306
-0.022887132192786
-0.029889176268891
0.000000000000000
0.017841421444863
0.013354550642023
0.033660241643216
0.032990054504350
-0.015330036737828
-0.013409879080628
-0.011404562097334
-0.002806919290267
-0.000918281732577
-0.020571039299287
-0.020014056210596
-0.040211955559506
-0.025542866590145
0.000000000000000
0.024251419932119
0.018434020331887
0.027654202134430
0.046171633264566
0.024991229926130
-0.013821750790601
-0.009878763799477
-0.021699520005678
-0.009006440030093
-0.034966861639790
-0.033017479802085
-0.020973247341409
-0.029508508769164
0.000000000000000
0.035736891067147
0.028513072742392
0.065403675681033
0.039832503482719
0.030129493134144
-0.028622565219517
-0.023533354477522
-0.020397213194900
-0.192525765713837
-0.029873073815334
-0.035203119169597
-0.040351905599545
-0.035040212530219
0.000000000000000
0.001955808442510
0.012040658537664
0.023835340630963
0.020426732159047
0.012359662545841
-0.016471574225656
-0.015527276389999
-0.012653443120283
-0.011947947146871
0.005272417087800
-0.028686163335884
-0.027539191618908
-0.025707049025024
0.004187915149713
-0.000000000000000
0.014297066886237
0.009618856250306
0.005056633567554
0.016575065253241
0.007299772435479
-0.030189968468388
-0.046412783087986
-0.028152971904813
0.007746493897237
-0.032547890325620
-0.031033923402075
-0.028839034524080
0.109652796194449
0.000000000000000
0.008396857246055
0.006286705443622
0.002979883998685
0.111972379536973
-0.000743695357342
-0.033024264336011
-0.049517375343390
-0.048717496972558
0.007078705449863
-0.086774188927483
-0.049806696508675
-0.014309090133593
0.007793290179278
-0.000000000000000
0.003903141230013
0.003515211513609
0.006013883735775
0.005403313250914
0.006611883358449
-0.024334502293567
-0.044093834024632
-0.017216515282174
-0.016143854421964
-0.055410702280157
-0.054008033532821
-0.052768484616711
-0.042663521004353
-0.000000000000000
0.002801479325434
0.002464987650146
0.004911424142889
0.005253290558387
-0.001805131989693
-0.032554688910591
-0.011182947417081
-0.005298684440096
-0.008841862446006
-0.031962447521715
-0.040018069586702
-0.025737554227610
-0.042931981982357
-0.000000000000000
0.003624633964103
0.002842836183855
0.004464210311096
0.007241709185106
0.004376784993385
-0.032813174895069
-0.020801519565149
-0.028066111087598
-0.031226714310208
-0.061183819389812
-0.057493434102475
-0.031659645149933
-0.060998720833615
-0.000000000000000
0.005109874886963
0.004032097637296
0.009783608320365
0.005806457005949
0.004218596949890
-0.034196763225700
-0.034514886420263
-0.031076904366754
0.942690460367606
-0.058795716261882
-0.061779738515740
-0.072387884942211
-0.050953940722959
-0.000000000000000
0.001853874960855
0.001823079639364
0.003652497728568
0.003122174059213
0.001916814888454
-0.029384397849645
-0.023712164750399
-0.021448538093740
-0.019829970053988
0.017698923379342
-0.046388001935199
-0.047852445460020
-0.042749374083289
0.003394274228386
-0.000000000000000
-0.110728344106675
0.026779556593524
-0.000014919450634
0.853030014812496
0.022415436410334
-0.001013688630810
-0.003656780476065
-0.003839862786547
0.004509794918734
-0.006518515680831
-0.008041101665681
-0.010337261592496
0.033645191693748
0.000000000000000
-0.013709338732698
0.006875446553687
-0.184359018339857
-0.341317350754325
-0.321378022477801
-0.003281763730405
-0.002557550475162
-0.001939629082595
0.005790304315080
-0.009896763985356
-0.004995361805619
0.001395049364476
0.003274512146087
-0.000000000000000
-0.008571527616548
-0.003447764963747
-0.013044526196249
-0.001024746948238
-0.012287271461846
-0.001161162330440
-0.002141158874562
-0.000920692156156
-0.000522931195495
-0.002822215656041
-0.002467585197183
-0.002212798979169
-0.003216520101323
-0.000000000000000
-0.005271227826520
-0.003775945196640
-0.015624959225134
0.005733132973160
0.023441159083831
-0.002290240172548
-0.000263975201222
-0.000649454224069
-0.000328147139228
-0.001844248923659
-0.002025052110950
-0.003388707413131
-0.001300040893424
-0.000000000000000
-0.005053158496292
-0.003241623072822
-0.010235824574818
-0.015479447938201
-0.004464719815760
-0.002267101305384
-0.000995636197399
-0.003117520199582
-0.001471911497019
-0.003826490067278
-0.004258856922762
-0.000609184283533
-0.002000791633718
-0.000000000000000
-0.014261293357142
-0.012248697022594
-0.018996255422025
-0.000381090330162
0.009945082611944
-0.004092624444336
-0.002822124538183
-0.002795116206869
0.017600937584416
-0.002205111236036
-0.004591298639591
-0.002575622167160
-0.004164153160140
-0.000000000000000
0.010732113210824
-0.003054726638718
-0.005540272923577
-0.005814519315767
-0.003560641822733
-0.001424500080913
-0.001356785715574
-0.001125818972161
-0.001001093907941
0.006821586089039
-0.002337537344427
-0.002237876464756
-0.002013850900416
0.002752389905506
-0.000000000000000
0.078750066992603
0.134513697761232
0.260917299304902
-0.060787878414088
0.255304564548742
-0.000019684518483
0.000198965961032
0.000620447741916
-0.000562358490224
0.000898004338214
0.001183421972175
0.001107868816700
-0.002341403799693
0.000000000000000
0.286875619317371
0.244158660892673
-0.062854886579921
-0.224890933430064
0.025379037030973
0.000191174713881
0.000069145362506
-0.000034966854866
-0.000600568164958
0.001019972473723
0.000396106489716
-0.000154116345832
-0.000282442907827
0.000000000000000
0.117544960657550
0.111071659928862
0.173110896617517
0.219665112901661
0.229873351157683
-0.000009750368955
0.000079577997147
-0.000017033115764
-0.000019832030585
0.000023698541656
0.000001895122217
0.000011642484822
0.000119502770670
0.000000000000000
0.089326877801443
0.066723875712208
0.265609729136171
0.182273807763215
-0.022351249872452
0.000137485537755
-0.000100556472683
0.000044151514975
0.000008089271000
0.000005389575309
0.000008628610880
0.000106779154188
-0.000135318398209
-0.000000000000000
0.114936746397687
0.079700392796714
0.167865947412422
0.218618993927027
0.147851073394286
0.000139943852639
0.000005592979569
0.000205257856862
0.000060238359903
0.000112943266851
0.000202562941438
-0.000163297838235
-0.000115205074872
-0.000000000000000
0.140332198555806
0.125718635993373
0.289358052497258
0.222938020332504
0.214268265052664
0.000360007718020
0.000138753595229
0.000158749028449
-0.000818273484474
-0.000069573582302
0.000245276273086
-0.000133811550708
0.000192129623898
-0.000000000000000
-0.013201234454902
0.063204909222910
0.120418469543380
0.111202464881728
0.066838152717410
0.000001184067048
0.000008178774234
0.000004117001172
-0.000001667519004
-0.000569430755938
-0.000010727287174
-0.000020595477993
-0.000024891537138
0.002248839055052
-0.000000000000000
-0.000078191755944
-0.000085638973052
-0.000656056078361
0.003109046770143
-0.000457588091946
-0.005351337523346
-0.040067807747497
0.970197129225600
0.007900595152884
-0.026381236605517
-0.071722317025548
0.026901140965834
-0.019620162241328
-0.000000000000001
-0.000486498553891
-0.000048068183414
0.000924421119485
0.001696437597355
-0.001212484374866
0.138098174254047
-0.021118685153423
-0.011985021490804
0.047141226589130
-0.035341169660882
-0.050063514385279
0.002794604184175
-0.005554510667405
0.000000000000000
0.000122518168898
0.000099601120643
0.000203756423925
0.000121927641473
0.000201495902468
-0.010085392387989
0.006732315383554
-0.000929339532263
-0.009089001851989
-0.020405764672406
-0.014445033522193
0.003149442905552
-0.006999949417641
0.000000000000000
0.000104963937408
0.000215745923832
-0.000077434220226
0.000448109388402
0.000311095259746
-0.000461866252065
-0.045344980774108
-0.034633447023331
0.009406913502204
-0.031093056439724
0.017848282974085
-0.063801729174777
-0.003058706400682
-0.000000000000000
0.000133718133757
0.000146829486684
0.000169346613672
0.000266562644331
0.000352889304428
-0.010506147454908
-0.006988738064373
-0.016666443281783
0.004064127562195
-0.018418055790697
-0.014865093412122
-0.015249881347278
-0.026536570644582
-0.000000000000000
0.000059082283992
-0.000028485901713
0.000300741542476
0.000233342472466
0.000328429693742
-0.035671761483136
-0.014725004928245
-0.021057339963620
0.009332688201634
-0.015020979612462
0.091122903575563
-0.024160916347107
-0.026849677019769
-0.000000000000000
0.000186830218701
0.000060163605697
0.000142206455580
0.000099642667913
0.000070275647463
-0.005439783943818
-0.010860599087756
-0.006858625429647
-0.009101159704960
-0.005131107237158
-0.015908848085763
-0.012494925949215
-0.015407423535413
0.001893076845134
0.000000000000000
-0.000474158183629
0.001900112466804
0.004835304761910
-0.011189481493639
0.004040138487665
-0.010538275507673
0.050453908422947
-0.107429093710230
0.431492859006494
-0.309406294520451
-0.430642562458391
0.045645072241493
0.078269607619996
-0.000000000000000
0.003848147051646
0.000155462078539
-0.011154973887467
-0.007628625026962
0.012457456023951
0.360709161946657
-0.019400531413937
0.012133633295786
0.082656200472399
-0.197702893436737
-0.105199323751238
-0.371347702515601
0.010073881367921
-0.000000000000000
-0.001015133830935
-0.000790057952910
-0.001705348979725
-0.001300698857328
-0.001939532447579
0.038467852524688
-0.021345424186988
0.045369285664147
0.001833232328361
0.031982983291763
0.031477905634647
-0.017919032479614
0.021506362115960
-0.000000000000000
-0.000737140620679
-0.001514648860215
-0.000016406064983
-0.003579678170833
-0.002183718305950
-0.023759729956706
0.079491502047919
-0.011040067053138
0.019968893942860
0.050451413048494
0.092278534723271
0.159578855110671
0.045314286489862
0.000000000000000
-0.001152679736467
-0.001139391279349
-0.001430219425995
-0.002052753437405
-0.002643117448011
-0.013881110328310
0.016461665424555
0.034115314432043
-0.019734456077500
0.051805164825072
0.005945173910360
0.072908045600174
0.074892214537369
0.000000000000000
-0.000551596853083
0.000311844617724
-0.002431750234591
-0.002060505177750
-0.003834116531035
-0.241891587211697
0.015850347248222
0.035244113787790
-0.000761057180114
0.039956068474784
0.194044596962625
0.056959229720099
0.046807974709087
0.000000000000000
-0.000599532319080
-0.000517174008010
-0.001140652904165
-0.000839054185425
-0.000586371183117
0.019093609855314
0.037970556449865
0.025795278350890
0.019741419700802
0.005080136237856
0.058579861311345
0.045086385871906
0.050238472804112
0.001765134527854
0.000000000000000
0.003345317720090
-0.002783759629155
-0.004434243400616
0.004492258955322
-0.001939296956971
0.008423423022484
-0.101762135746514
-0.150722203792356
-0.031997106427610
0.160148598918495
0.299564026935868
0.163365562140225
-0.020242316389563
0.000000000000000
-0.003555451494389
0.000535113587866
0.020379641922810
0.004874870871931
-0.023488322640649
0.655145894476594
-0.028940003338850
-0.019282252275537
-0.054386179939106
0.079270326759683
-0.004696135437281
-0.026639488043589
-0.005601089470463
-0.000000000000000
0.000849309256772
0.000608442705503
0.001499904112335
0.001289327616392
0.001910110873752
-0.000848600657779
-0.000374798100750
-0.019507338053888
-0.042958042046158
-0.049051365171061
-0.035850673209426
-0.005280420740817
-0.131804691928178
-0.000000000000000
0.000386841700245
0.001043092865739
-0.000014507430519
0.003331487178366
0.001546933809485
-0.027461833746047
-0.061873463581424
-0.050346541010872
-0.001253925882511
-0.049469304772383
0.021977817532718
-0.271397343305144
0.023534754532439
0.000000000000000
0.001092518091382
0.000970487667830
0.001072307002884
0.001486205508682
0.001997308363209
-0.016167877214424
-0.006374890569623
-0.146712817504830
-0.002499266702801
-0.120573234758337
-0.086916281301202
-0.016834803943301
-0.025980004758741
0.000000000000000
0.000298665418161
-0.000918840206239
0.002001753540757
0.001926903397596
0.004884038565376
0.125372577608602
-0.126728637118952
-0.070263414561185
-0.003724858187825
-0.033096894012713
0.387127685247101
-0.045656965808337
-0.164271450447820
0.000000000000000
0.000014144115609
0.000426844932288
0.000886906829907
0.000606621455612
0.000453493556937
-0.025875677665898
-0.039192924078628
-0.021196214469458
-0.016592869335438
-0.000707474408901
-0.067363348370583
-0.050647155204929
-0.050273814695497
